              time               pSTAT               LRtot               mSOCS                SOCS
 0.000000000000e+00  0.000000000000e+00  0.000000000000e+00  0.000000000000e+00  0.000000000000e+00
 5.000000000000e-01  2.340399494610e-01  9.796886380445e-01  4.492196757199e-04  3.842220879452e-06
 1.000000000000e+00  5.284483945611e-01  9.889267145017e-01  9.043215133078e-03  1.739098883291e-04
 1.500000000000e+00  7.709884655076e-01  9.890231824029e-01  4.062255723393e-02  1.279916824171e-03
 2.000000000000e+00  9.880325176547e-01  9.890241925788e-01  1.039801685376e-01  4.689651677252e-03
 2.500000000000e+00  1.191307120319e+00  9.890242033302e-01  2.001751274002e-01  1.197135003486e-02
 3.000000000000e+00  1.385049355431e+00  9.890242035314e-01  3.259084698695e-01  2.458963950160e-02
 3.500000000000e+00  1.570622929580e+00  9.890242035311e-01  4.762397625565e-01  4.376779320759e-02
 4.000000000000e+00  1.748301440169e+00  9.890242035306e-01  6.460295647010e-01  7.045428042674e-02
 4.500000000000e+00  1.917941247696e+00  9.890242035314e-01  8.305674891745e-01  1.053386816438e-01
 5.000000000000e+00  2.079233782236e+00  9.890242035315e-01  1.025784003659e+00  1.488861275134e-01
 5.500000000000e+00  2.231801128810e+00  9.890242035314e-01  1.228270671921e+00  2.013753993852e-01
 6.000000000000e+00  2.375235087017e+00  9.890242035315e-01  1.435221143120e+00  2.629342699129e-01
 6.500000000000e+00  2.509117536466e+00  9.890242035315e-01  1.644346395786e+00  3.335697866177e-01
 7.000000000000e+00  2.633035925561e+00  9.890242035315e-01  1.853788564113e+00  4.131930460980e-01
 7.500000000000e+00  2.746598489343e+00  9.890242035315e-01  2.062043435796e+00  5.016389559554e-01
 8.000000000000e+00  2.849450031964e+00  9.890242035315e-01  2.267894592493e+00  5.986816877267e-01
 8.500000000000e+00  2.941287848162e+00  9.890242035315e-01  2.470359196834e+00  7.040466407540e-01
 9.000000000000e+00  3.021876869296e+00  9.890242035315e-01  2.668644073256e+00  8.174196621271e-01
 9.500000000000e+00  3.091063086690e+00  9.890242035315e-01  2.862110403901e+00  9.384541771068e-01
 1.000000000000e+01  3.148784434569e+00  9.890242035315e-01  3.050245436852e+00  1.066776772795e+00
 1.050000000000e+01  3.195078609249e+00  9.890242035315e-01  3.232639700099e+00  1.201991695035e+00
 1.100000000000e+01  3.230087348309e+00  9.890242035315e-01  3.408968796995e+00  1.343684561136e+00
 1.150000000000e+01  3.254057099903e+00  9.890242035315e-01  3.578978673380e+00  1.491425593244e+00
 1.200000000000e+01  3.267336208360e+00  9.890242035315e-01  3.742473609121e+00  1.644772560679e+00
 1.250000000000e+01  3.270368783363e+00  9.890242035315e-01  3.899306545391e+00  1.803273533439e+00
 1.300000000000e+01  3.263685685853e+00  9.890242035315e-01  4.049371158127e+00  1.966469553884e+00
 1.350000000000e+01  3.247893127088e+00  9.890242035315e-01  4.192595392249e+00  2.133897254319e+00
 1.400000000000e+01  3.223659448211e+00  9.890242035315e-01  4.328936185283e+00  2.305091433917e+00
 1.450000000000e+01  3.191700709854e+00  9.890242035315e-01  4.458375148396e+00  2.479587583759e+00
 1.500000000000e+01  3.152765712261e+00  9.890242035315e-01  4.580915049319e+00  2.656924332476e+00
 1.550000000000e+01  3.107621058178e+00  9.890242035315e-01  4.696576944567e+00  2.836645780132e+00
 1.600000000000e+01  3.057036812517e+00  9.890242035315e-01  4.805397859987e+00  3.018303684411e+00
 1.650000000000e+01  3.001773221781e+00  9.890242035315e-01  4.907428915757e+00  3.201459467869e+00
 1.700000000000e+01  2.942568881703e+00  9.890242035315e-01  5.002733808440e+00  3.385686018506e+00
 1.750000000000e+01  2.880130622693e+00  9.890242035315e-01  5.091387596380e+00  3.570569264470e+00
 1.800000000000e+01  2.815125265718e+00  9.890242035315e-01  5.173475713785e+00  3.755709512980e+00
 1.850000000000e+01  2.748173308542e+00  9.890242035315e-01  5.249093171051e+00  3.940722550851e+00
 1.900000000000e+01  2.679844499765e+00  9.890242035315e-01  5.318343891820e+00  4.125240512572e+00
 1.950000000000e+01  2.610655186290e+00  9.890242035315e-01  5.381340149892e+00  4.308912527967e+00
 2.000000000000e+01  2.541067260336e+00  9.890242035315e-01  5.438202072935e+00  4.491405166555e+00
 2.050000000000e+01  2.471488493191e+00  9.890242035315e-01  5.489057185355e+00  4.672402699145e+00
 2.100000000000e+01  2.402274023196e+00  9.890242035315e-01  5.534039968431e+00  4.851607198990e+00
 2.150000000000e+01  2.333728759964e+00  9.890242035315e-01  5.573291420009e+00  5.028738505417e+00
 2.200000000000e+01  2.266110475322e+00  9.890242035315e-01  5.606958601171e+00  5.203534072198e+00
 2.250000000000e+01  2.199633368843e+00  9.890242035315e-01  5.635194161057e+00  5.375748721578e+00
 2.300000000000e+01  2.134471919856e+00  9.890242035315e-01  5.658155835213e+00  5.545154322831e+00
 2.350000000000e+01  2.070764865256e+00  9.890242035315e-01  5.676005915854e+00  5.711539411946e+00
 2.400000000000e+01  2.008619170555e+00  9.890242035315e-01  5.688910695591e+00  5.874708766785e+00
 2.450000000000e+01  1.948113888454e+00  9.890242035315e-01  5.697039888153e+00  6.034482949063e+00
 2.500000000000e+01  1.889303840833e+00  9.890242035315e-01  5.700566031602e+00  6.190697823341e+00
 2.550000000000e+01  1.832223033258e+00  9.890242035315e-01  5.699663880802e+00  6.343204058844e+00
 2.600000000000e+01  1.776887860835e+00  9.890242035315e-01  5.694509796206e+00  6.491866623548e+00
 2.650000000000e+01  1.723299865613e+00  9.890242035315e-01  5.685281137017e+00  6.636564273518e+00
 2.700000000000e+01  1.671448390688e+00  9.890242035315e-01  5.672155665736e+00  6.777189036773e+00
 2.750000000000e+01  1.621312787614e+00  9.890242035315e-01  5.655310970264e+00  6.913645701441e+00
 2.800000000000e+01  1.572864406329e+00  9.890242035315e-01  5.634923910996e+00  7.045851302631e+00
 2.850000000000e+01  1.526068307605e+00  9.890242035315e-01  5.611170097334e+00  7.173734618705e+00
 2.900000000000e+01  1.480884736147e+00  9.890242035315e-01  5.584223397981e+00  7.297235664717e+00
 2.950000000000e+01  1.437270369842e+00  9.890242035315e-01  5.554255488193e+00  7.416305196529e+00
 3.000000000000e+01  1.395179365573e+00  9.890242035315e-01  5.521435436066e+00  7.530904220031e+00
 3.050000000000e+01  1.354564230251e+00  9.890242035315e-01  5.485929329992e+00  7.641003505961e+00
 3.100000000000e+01  1.315376556517e+00  9.890242035315e-01  5.447899946639e+00  7.746583112713e+00
 3.150000000000e+01  1.277567595858e+00  9.890242035315e-01  5.407506458966e+00  7.847631917020e+00
 3.200000000000e+01  1.241088747540e+00  9.890242035315e-01  5.364904183620e+00  7.944147151968e+00
 3.250000000000e+01  1.205891927119e+00  9.890242035315e-01  5.320244369905e+00  8.036133955053e+00
 3.300000000000e+01  1.171929868558e+00  9.890242035315e-01  5.273674017383e+00  8.123604923837e+00
 3.350000000000e+01  1.139156354617e+00  9.890242035315e-01  5.225335731126e+00  8.206579681669e+00
 3.400000000000e+01  1.107526378500e+00  9.890242035315e-01  5.175367614001e+00  8.285084454693e+00
 3.450000000000e+01  1.076996264398e+00  9.890242035315e-01  5.123903184683e+00  8.359151659151e+00
 3.500000000000e+01  1.047523755833e+00  9.890242035315e-01  5.071071318936e+00  8.428819498574e+00
 3.550000000000e+01  1.019068069765e+00  9.890242035315e-01  5.016996216646e+00  8.494131572852e+00
 3.600000000000e+01  9.915899203742e-01  9.890242035315e-01  4.961797392296e+00  8.555136498659e+00
 3.650000000000e+01  9.650515301515e-01  9.890242035315e-01  4.905589685157e+00  8.611887541829e+00
 3.700000000000e+01  9.394166263641e-01  9.890242035315e-01  4.848483285931e+00  8.664442261647e+00
 3.750000000000e+01  9.146504069188e-01  9.890242035315e-01  4.790583777254e+00  8.712862168346e+00
 3.800000000000e+01  8.907195034933e-01  9.890242035315e-01  4.731992193420e+00  8.757212392353e+00
 3.850000000000e+01  8.675919900560e-01  9.890242035315e-01  4.672805085829e+00  8.797561365817e+00
 3.900000000000e+01  8.452372585072e-01  9.890242035315e-01  4.613114599598e+00  8.833980517051e+00
 3.950000000000e+01  8.236260471168e-01  9.890242035315e-01  4.553008561236e+00  8.866543975720e+00
 4.000000000000e+01  8.027303724445e-01  9.890242035315e-01  4.492570571399e+00  8.895328292029e+00
 4.050000000000e+01  7.825234579971e-01  9.890242035315e-01  4.431880105005e+00  8.920412168901e+00
 4.100000000000e+01  7.629796964881e-01  9.890242035315e-01  4.371012616003e+00  8.941876205151e+00
 4.150000000000e+01  7.440746001668e-01  9.890242035315e-01  4.310039645930e+00  8.959802650886e+00
 4.200000000000e+01  7.257847625051e-01  9.890242035315e-01  4.249028935454e+00  8.974275173128e+00
 4.250000000000e+01  7.080877982635e-01  9.890242035315e-01  4.188044538376e+00  8.985378636321e+00
 4.300000000000e+01  6.909622965998e-01  9.890242035315e-01  4.127146937665e+00  8.993198891563e+00
 4.350000000000e+01  6.743877786272e-01  9.890242035315e-01  4.066393163528e+00  8.997822575828e+00
 4.400000000000e+01  6.583446564289e-01  9.890242035315e-01  4.005836907325e+00  8.999336929046e+00
 4.450000000000e+01  6.428141861883e-01  9.890242035315e-01  3.945528642825e+00  8.997829610666e+00
 4.500000000000e+01  6.277784294150e-01  9.890242035315e-01  3.885515743312e+00  8.993388531758e+00
 4.550000000000e+01  6.132202195740e-01  9.890242035315e-01  3.825842584168e+00  8.986101716372e+00
 4.600000000000e+01  5.991231218012e-01  9.890242035315e-01  3.766550667048e+00  8.976057139831e+00
 4.650000000000e+01  5.854713955648e-01  9.890242035315e-01  3.707678739130e+00  8.963342582342e+00
 4.700000000000e+01  5.722499622583e-01  9.890242035315e-01  3.649262901875e+00  8.948045504104e+00
 4.750000000000e+01  5.594443746221e-01  9.890242035315e-01  3.591336717461e+00  8.930252928983e+00
 4.800000000000e+01  5.470407708000e-01  9.890242035315e-01  3.533931373274e+00  8.910051274679e+00
 4.850000000000e+01  5.350258930262e-01  9.890242035315e-01  3.477075615202e+00  8.887526421984e+00
 4.900000000000e+01  5.233870137936e-01  9.890242035315e-01  3.420796018858e+00  8.862763446227e+00
 4.950000000000e+01  5.121119414651e-01  9.890242035315e-01  3.365116976490e+00  8.835846641956e+00
 5.000000000000e+01  5.011889543397e-01  9.890242035315e-01  3.310060946679e+00  8.806859288722e+00
 5.050000000000e+01  4.906068040371e-01  9.890242035315e-01  3.255648453767e+00  8.775883676049e+00
 5.100000000000e+01  4.803546943858e-01  9.890242035315e-01  3.201898172833e+00  8.743001038803e+00
 5.150000000000e+01  4.704222598993e-01  9.890242035315e-01  3.148827020853e+00  8.708291491465e+00
 5.200000000000e+01  4.607995515041e-01  9.890242035315e-01  3.096450221802e+00  8.671833992496e+00
 5.250000000000e+01  4.514770081988e-01  9.890242035315e-01  3.044781427697e+00  8.633706256021e+00
 5.300000000000e+01  4.424454409339e-01  9.890242035315e-01  2.993832793992e+00  8.593984712674e+00
 5.350000000000e+01  4.336960144100e-01  9.890242035315e-01  2.943615061755e+00  8.552744463541e+00
 5.400000000000e+01  4.252202320972e-01  9.890242035315e-01  2.894137629643e+00  8.510059249542e+00
 5.450000000000e+01  4.170099236622e-01  9.890242035315e-01  2.845408614783e+00  8.466001430624e+00
 5.500000000000e+01  4.090572291218e-01  9.890242035315e-01  2.797434928525e+00  8.420641952661e+00
 5.550000000000e+01  4.013545855474e-01  9.890242035315e-01  2.750222342437e+00  8.374050327871e+00
 5.600000000000e+01  3.938947130037e-01  9.890242035315e-01  2.703775555665e+00  8.326294607176e+00
 5.650000000000e+01  3.866706033834e-01  9.890242035315e-01  2.658098253196e+00  8.277441374215e+00
 5.700000000000e+01  3.796755067708e-01  9.890242035315e-01  2.613193172462e+00  8.227555722445e+00
 5.750000000000e+01  3.729029195137e-01  9.890242035315e-01  2.569062161297e+00  8.176701237544e+00
 5.800000000000e+01  3.663465798467e-01  9.890242035315e-01  2.525706212280e+00  8.124940036000e+00
 5.850000000000e+01  3.600004450199e-01  9.890242035315e-01  2.483125560311e+00  8.072332679163e+00
 5.900000000000e+01  3.538587007522e-01  9.890242035315e-01  2.441319659953e+00  8.018938289523e+00
 5.950000000000e+01  3.479157301539e-01  9.890242035315e-01  2.400287321146e+00  7.964814424100e+00
 6.000000000000e+01  3.421661271051e-01  9.890242035315e-01  2.360026660498e+00  7.910017202174e+00
 6.050000000000e+01  3.366046683671e-01  9.890242035315e-01  2.320535232962e+00  7.854601206317e+00
 6.100000000000e+01  3.312263209851e-01  9.890242035315e-01  2.281810000320e+00  7.798619569014e+00
 6.150000000000e+01  3.260262238927e-01  9.890242035315e-01  2.243847424645e+00  7.742123928575e+00
 6.200000000000e+01  3.209996870314e-01  9.890242035315e-01  2.206643473109e+00  7.685164471384e+00
 6.250000000000e+01  3.161421818081e-01  9.890242035315e-01  2.170193667842e+00  7.627789931858e+00
 6.300000000000e+01  3.114493338662e-01  9.890242035315e-01  2.134493123255e+00  7.570047603903e+00
 6.350000000000e+01  3.069169204395e-01  9.890242035315e-01  2.099536559333e+00  7.511983374737e+00
 6.400000000000e+01  3.025408582796e-01  9.890242035315e-01  2.065318364741e+00  7.453641711744e+00
 6.450000000000e+01  2.983172061010e-01  9.890242035315e-01  2.031832581790e+00  7.395065720171e+00
 6.500000000000e+01  2.942421498393e-01  9.890242035315e-01  1.999072985171e+00  7.336297118786e+00
 6.550000000000e+01  2.903120070725e-01  9.890242035315e-01  1.967033053535e+00  7.277376302241e+00
 6.600000000000e+01  2.865232126375e-01  9.890242035315e-01  1.935706048693e+00  7.218342323075e+00
 6.650000000000e+01  2.828723225229e-01  9.890242035315e-01  1.905084986596e+00  7.159232945949e+00
 6.700000000000e+01  2.793560015806e-01  9.890242035315e-01  1.875162707061e+00  7.100084642227e+00
 6.750000000000e+01  2.759710249142e-01  9.890242035315e-01  1.845931857629e+00  7.040932631736e+00
 6.800000000000e+01  2.727142703241e-01  9.890242035315e-01  1.817384934622e+00  6.981810895019e+00
 6.850000000000e+01  2.695827152140e-01  9.890242035315e-01  1.789514295378e+00  6.922752199245e+00
 6.900000000000e+01  2.665734336226e-01  9.890242035315e-01  1.762312169614e+00  6.863788124908e+00
 6.950000000000e+01  2.636835900807e-01  9.890242035315e-01  1.735770691443e+00  6.804949082460e+00
 7.000000000000e+01  2.609104395672e-01  9.890242035315e-01  1.709881891900e+00  6.746264345879e+00
 7.050000000000e+01  2.582513197633e-01  9.890242035315e-01  1.684637741082e+00  6.687762066596e+00
 7.100000000000e+01  2.557036524074e-01  9.890242035315e-01  1.660030130862e+00  6.629469307101e+00
 7.150000000000e+01  2.532649352908e-01  9.890242035315e-01  1.636050919827e+00  6.571412057483e+00
 7.200000000000e+01  2.509327438843e-01  9.890242035315e-01  1.612691912316e+00  6.513615265262e+00
 7.250000000000e+01  2.487047239310e-01  9.890242035315e-01  1.589944900810e+00  6.456102856044e+00
 7.300000000000e+01  2.465785922948e-01  9.890242035315e-01  1.567801649619e+00  6.398897759380e+00
 7.350000000000e+01  2.445521315697e-01  9.890242035315e-01  1.546253923075e+00  6.342021932504e+00
 7.400000000000e+01  2.426231888144e-01  9.890242035315e-01  1.525293484591e+00  6.285496383802e+00
 7.450000000000e+01  2.407896727417e-01  9.890242035315e-01  1.504912106437e+00  6.229341197053e+00
 7.500000000000e+01  2.390495504788e-01  9.890242035315e-01  1.485101582503e+00  6.173575555034e+00
 7.550000000000e+01  2.374008466508e-01  9.890242035315e-01  1.465853724930e+00  6.118217761784e+00
 7.600000000000e+01  2.358416390403e-01  9.890242035315e-01  1.447160384564e+00  6.063285268143e+00
 7.650000000000e+01  2.343700586475e-01  9.890242035315e-01  1.429013440185e+00  6.008794690494e+00
 7.700000000000e+01  2.329842850161e-01  9.890242035315e-01  1.411404822009e+00  5.954761839026e+00
 7.750000000000e+01  2.316825466869e-01  9.890242035315e-01  1.394326497854e+00  5.901201732646e+00
 7.800000000000e+01  2.304631165944e-01  9.890242035315e-01  1.377770495951e+00  5.848128629400e+00
 7.850000000000e+01  2.293243124561e-01  9.890242035315e-01  1.361728891990e+00  5.795556039045e+00
 7.900000000000e+01  2.282644928466e-01  9.890242035315e-01  1.346193826768e+00  5.743496752718e+00
 7.950000000000e+01  2.272820567145e-01  9.890242035315e-01  1.331157499603e+00  5.691962857313e+00
 8.000000000000e+01  2.263754409184e-01  9.890242035315e-01  1.316612175642e+00  5.640965759456e+00
 8.050000000000e+01  2.255431184403e-01  9.890242035315e-01  1.302550188522e+00  5.590516205421e+00
 8.100000000000e+01  2.247835972070e-01  9.890242035315e-01  1.288963938727e+00  5.540624298106e+00
 8.150000000000e+01  2.240954175098e-01  9.890242035315e-01  1.275845901707e+00  5.491299521863e+00
 8.200000000000e+01  2.234771515812e-01  9.890242035315e-01  1.263188621314e+00  5.442550753631e+00
 8.250000000000e+01  2.229274006375e-01  9.890242035315e-01  1.250984720203e+00  5.394386291331e+00
 8.300000000000e+01  2.224447948518e-01  9.890242035315e-01  1.239226890939e+00  5.346813860569e+00
 8.350000000000e+01  2.220279903063e-01  9.890242035315e-01  1.227907906781e+00  5.299840645094e+00
 8.400000000000e+01  2.216756691238e-01  9.890242035315e-01  1.217020612133e+00  5.253473290558e+00
 8.450000000000e+01  2.213865365625e-01  9.890242035315e-01  1.206557932080e+00  5.207717934991e+00
 8.500000000000e+01  2.211593208770e-01  9.890242035315e-01  1.196512865093e+00  5.162580213891e+00
 8.550000000000e+01  2.209927712222e-01  9.890242035315e-01  1.186878487269e+00  5.118065283789e+00
 8.600000000000e+01  2.208856566665e-01  9.890242035315e-01  1.177647950431e+00  5.074177834875e+00
 8.650000000000e+01  2.208367650385e-01  9.890242035315e-01  1.168814480998e+00  5.030922105433e+00
 8.700000000000e+01  2.208449012904e-01  9.890242035315e-01  1.160371381569e+00  4.988301900994e+00
 8.750000000000e+01  2.209088869923e-01  9.890242035315e-01  1.152312026717e+00  4.946320601752e+00
 8.800000000000e+01  2.210275583242e-01  9.890242035315e-01  1.144629866194e+00  4.904981185989e+00
 8.850000000000e+01  2.211997659802e-01  9.890242035315e-01  1.137318419255e+00  4.864286232671e+00
 8.900000000000e+01  2.214243729788e-01  9.890242035315e-01  1.130371278248e+00  4.824237947130e+00
 8.950000000000e+01  2.217002548178e-01  9.890242035315e-01  1.123782102597e+00  4.784838160717e+00
 9.000000000000e+01  2.220262972693e-01  9.890242035315e-01  1.117544621821e+00  4.746088356723e+00
 9.050000000000e+01  2.224013965059e-01  9.890242035315e-01  1.111652630379e+00  4.707989670357e+00
 9.100000000000e+01  2.228244573133e-01  9.890242035315e-01  1.106099988744e+00  4.670542909997e+00
 9.150000000000e+01  2.232943927320e-01  9.890242035315e-01  1.100880620327e+00  4.633748562723e+00
 9.200000000000e+01  2.238101230152e-01  9.890242035315e-01  1.095988510170e+00  4.597606807267e+00
 9.250000000000e+01  2.243705746568e-01  9.890242035315e-01  1.091417703687e+00  4.562117526373e+00
 9.300000000000e+01  2.249746800373e-01  9.890242035315e-01  1.087162303859e+00  4.527280312512e+00
 9.350000000000e+01  2.256213760016e-01  9.890242035315e-01  1.083216470765e+00  4.493094484804e+00
 9.400000000000e+01  2.263096040057e-01  9.890242035315e-01  1.079574418271e+00  4.459559089938e+00
 9.450000000000e+01  2.270383084267e-01  9.890242035315e-01  1.076230413613e+00  4.426672921511e+00
 9.500000000000e+01  2.278064370575e-01  9.890242035315e-01  1.073178774206e+00  4.394434518116e+00
 9.550000000000e+01  2.286129392897e-01  9.890242035315e-01  1.070413866862e+00  4.362842183333e+00
 9.600000000000e+01  2.294567668065e-01  9.890242035315e-01  1.067930105067e+00  4.331893982950e+00
 9.650000000000e+01  2.303368718834e-01  9.890242035315e-01  1.065721947641e+00  4.301587763095e+00
 9.700000000000e+01  2.312522078295e-01  9.890242035315e-01  1.063783896615e+00  4.271921150392e+00
 9.750000000000e+01  2.322017280283e-01  9.890242035315e-01  1.062110495405e+00  4.242891563551e+00
 9.800000000000e+01  2.331843856380e-01  9.890242035315e-01  1.060696327062e+00  4.214496219858e+00
 9.850000000000e+01  2.341991334793e-01  9.890242035315e-01  1.059536012444e+00  4.186732140092e+00
 9.900000000000e+01  2.352449231757e-01  9.890242035315e-01  1.058624208336e+00  4.159596159362e+00
 9.950000000000e+01  2.363207056883e-01  9.890242035315e-01  1.057955606081e+00  4.133084927726e+00
 1.000000000000e+02  2.374254301610e-01  9.890242035315e-01  1.057524929398e+00  4.107194922720e+00
 1.005000000000e+02  2.385580453787e-01  9.890242035315e-01  1.057326934133e+00  4.081922445109e+00
 1.010000000000e+02  2.397174968971e-01  9.890242035315e-01  1.057356404118e+00  4.057263640786e+00
 1.015000000000e+02  2.409027280698e-01  9.890242035315e-01  1.057608150702e+00  4.033214499524e+00
 1.020000000000e+02  2.421126841955e-01  9.890242035315e-01  1.058077015932e+00  4.009770836175e+00
 1.025000000000e+02  2.433463043903e-01  9.890242035315e-01  1.058757862284e+00  3.986928342129e+00
 1.030000000000e+02  2.446025256925e-01  9.890242035315e-01  1.059645575750e+00  3.964682566704e+00
 1.035000000000e+02  2.458802867598e-01  9.890242035315e-01  1.060735069135e+00  3.943028902030e+00
 1.040000000000e+02  2.471785239792e-01  9.890242035315e-01  1.062021275930e+00  3.921962609366e+00
 1.045000000000e+02  2.484961685302e-01  9.890242035315e-01  1.063499145344e+00  3.901478840143e+00
 1.050000000000e+02  2.498321526651e-01  9.890242035315e-01  1.065163649267e+00  3.881572607937e+00
 1.055000000000e+02  2.511854113637e-01  9.890242035315e-01  1.067009783788e+00  3.862238786338e+00
 1.060000000000e+02  2.525548727542e-01  9.890242035315e-01  1.069032553506e+00  3.843472160356e+00
 1.065000000000e+02  2.539394660816e-01  9.890242035315e-01  1.071226982308e+00  3.825267393230e+00
 1.070000000000e+02  2.553381256321e-01  9.890242035315e-01  1.073588120777e+00  3.807619018809e+00
 1.075000000000e+02  2.567497802211e-01  9.890242035315e-01  1.076111023890e+00  3.790521485864e+00
 1.080000000000e+02  2.581733607476e-01  9.890242035315e-01  1.078790764702e+00  3.773969134753e+00
 1.085000000000e+02  2.596078021736e-01  9.890242035315e-01  1.081622439283e+00  3.757956197936e+00
 1.090000000000e+02  2.610520394586e-01  9.890242035315e-01  1.084601154335e+00  3.742476816461e+00
 1.095000000000e+02  2.625050088473e-01  9.890242035315e-01  1.087722029099e+00  3.727525040981e+00
 1.100000000000e+02  2.639656511690e-01  9.890242035315e-01  1.090980203296e+00  3.713094826947e+00
 1.105000000000e+02  2.654329118408e-01  9.890242035315e-01  1.094370835652e+00  3.699180039334e+00
 1.110000000000e+02  2.669057376259e-01  9.890242035315e-01  1.097889092380e+00  3.685774466794e+00
 1.115000000000e+02  2.683830812103e-01  9.890242035315e-01  1.101530159362e+00  3.672871813258e+00
 1.120000000000e+02  2.698639041515e-01  9.890242035315e-01  1.105289249091e+00  3.660465694770e+00
 1.125000000000e+02  2.713471700956e-01  9.890242035315e-01  1.109161579144e+00  3.648549662533e+00
 1.130000000000e+02  2.728318506604e-01  9.890242035315e-01  1.113142387842e+00  3.637117191613e+00
 1.135000000000e+02  2.743169290372e-01  9.890242035315e-01  1.117226944040e+00  3.626161678285e+00
 1.140000000000e+02  2.758013937640e-01  9.890242035315e-01  1.121410525913e+00  3.615676457677e+00
 1.145000000000e+02  2.772842432910e-01  9.890242035315e-01  1.125688433512e+00  3.605654798314e+00
 1.150000000000e+02  2.787644878409e-01  9.890242035315e-01  1.130055995829e+00  3.596089903022e+00
 1.155000000000e+02  2.802411488699e-01  9.890242035315e-01  1.134508565325e+00  3.586974914002e+00
 1.160000000000e+02  2.817132587464e-01  9.890242035315e-01  1.139041513186e+00  3.578302917442e+00
 1.165000000000e+02  2.831798633354e-01  9.890242035315e-01  1.143650241364e+00  3.570066943106e+00
 1.170000000000e+02  2.846400227427e-01  9.890242035315e-01  1.148330186586e+00  3.562259967226e+00
 1.175000000000e+02  2.860928108436e-01  9.890242035315e-01  1.153076805084e+00  3.554874916910e+00
 1.180000000000e+02  2.875373171336e-01  9.890242035315e-01  1.157885587023e+00  3.547904671393e+00
 1.185000000000e+02  2.889726484656e-01  9.890242035315e-01  1.162752065671e+00  3.541342065083e+00
 1.190000000000e+02  2.903979277144e-01  9.890242035315e-01  1.167671798190e+00  3.535179890072e+00
 1.195000000000e+02  2.918122960889e-01  9.890242035315e-01  1.172640381124e+00  3.529410898849e+00
 1.200000000000e+02  2.932149142511e-01  9.890242035315e-01  1.177653455627e+00  3.524027807724e+00
