              time               pSTAT              Rdimer               mSOCS                SOCS
 0.000000000000e+00  0.000000000000e+00  0.000000000000e+00  0.000000000000e+00  0.000000000000e+00
 5.000000000000e-01  1.438506128638e-01  3.769399438328e-01  2.231330251490e-04  1.825483190061e-06
 1.000000000000e+00  4.033456219460e-01  4.503954087532e-01  5.498531812023e-03  1.002269915967e-04
 1.500000000000e+00  6.466318133579e-01  4.673923902979e-01  2.796050331797e-02  8.314536918378e-04
 2.000000000000e+00  8.658804162751e-01  4.686322857242e-01  7.781330282894e-02  3.313148969598e-03
 2.500000000000e+00  1.067319478888e+00  4.662515890937e-01  1.588090843263e-01  8.995980930221e-03
 3.000000000000e+00  1.255920321959e+00  4.635465219557e-01  2.695862516046e-01  1.936546516972e-02
 3.500000000000e+00  1.433948868498e+00  4.611574775688e-01  4.061503150126e-01  3.575601988309e-02
 4.000000000000e+00  1.601899794746e+00  4.591528543993e-01  5.636525106789e-01  5.927354914440e-02
 4.500000000000e+00  1.759380826029e+00  4.574938867054e-01  7.373321192883e-01  9.078274378748e-02
 5.000000000000e+00  1.905593232674e+00  4.561261948351e-01  9.229151628712e-01  1.309241535645e-01
 5.500000000000e+00  2.039572058067e+00  4.549992488313e-01  1.116728508233e+00  1.801413071284e-01
 6.000000000000e+00  2.160316478963e+00  4.540701170888e-01  1.315684116298e+00  2.387085802429e-01
 6.500000000000e+00  2.266871519042e+00  4.533033455958e-01  1.517213298469e+00  3.067560697499e-01
 7.000000000000e+00  2.358387010225e+00  4.526699147579e-01  1.719188518740e+00  3.842903276556e-01
 7.500000000000e+00  2.434165205379e+00  4.521461515879e-01  1.919848748395e+00  4.712109478082e-01
 8.000000000000e+00  2.493702463082e+00  4.517126815324e-01  2.117734006370e+00  5.673233527032e-01
 8.500000000000e+00  2.536728162568e+00  4.513536931939e-01  2.311630279869e+00  6.723482670605e-01
 9.000000000000e+00  2.563242381161e+00  4.510561865407e-01  2.500524202535e+00  7.859284025808e-01
 9.500000000000e+00  2.573552427795e+00  4.508095082219e-01  2.683566350524e+00  9.076329595934e-01
 1.000000000000e+01  2.568306159682e+00  4.506048830657e-01  2.860042048403e+00  1.036960727838e+00
 1.050000000000e+01  2.548516932178e+00  4.504350775137e-01  3.029348785900e+00  1.173342865491e+00
 1.100000000000e+01  2.515571450961e+00  4.502941219278e-01  3.190979576459e+00  1.316146818835e+00
 1.150000000000e+01  2.471208480382e+00  4.501770840851e-01  3.344511736118e+00  1.464683180493e+00
 1.200000000000e+01  2.417455907558e+00  4.500798843801e-01  3.489600549158e+00  1.618217281251e+00
 1.250000000000e+01  2.356518978614e+00  4.499991454613e-01  3.625977078296e+00  1.775986583790e+00
 1.300000000000e+01  2.290625670066e+00  4.499320694868e-01  3.753448974337e+00  1.937223264244e+00
 1.350000000000e+01  2.221853579447e+00  4.498763373155e-01  3.871902651524e+00  2.101179054531e+00
 1.400000000000e+01  2.151977226200e+00  4.498300256255e-01  3.981304856125e+00  2.267147604414e+00
 1.450000000000e+01  2.082373849804e+00  4.497915386871e-01  4.081701738114e+00  2.434479691994e+00
 1.500000000000e+01  2.014006191860e+00  4.497595521101e-01  4.173214180405e+00  2.602588966593e+00
 1.550000000000e+01  1.947472330120e+00  4.497329663856e-01  4.256029214016e+00  2.770949318564e+00
 1.600000000000e+01  1.883092547006e+00  4.497108684788e-01  4.330388441022e+00  2.939087366422e+00
 1.650000000000e+01  1.821000740748e+00  4.496925000505e-01  4.396575065711e+00  3.106573843096e+00
 1.700000000000e+01  1.761219216871e+00  4.496772311413e-01  4.454901208881e+00  3.273016334607e+00
 1.750000000000e+01  1.703710034646e+00  4.496645383651e-01  4.505696754838e+00  3.438054171311e+00
 1.800000000000e+01  1.648405829082e+00  4.496539868286e-01  4.549300360987e+00  3.601355175329e+00
 1.850000000000e+01  1.595226474428e+00  4.496452151335e-01  4.586052709282e+00  3.762613606711e+00
 1.900000000000e+01  1.544087453625e+00  4.496379229337e-01  4.616291730475e+00  3.921548728794e+00
 1.950000000000e+01  1.494903884959e+00  4.496318606090e-01  4.640349393405e+00  4.077903635400e+00
 2.000000000000e+01  1.447592462653e+00  4.496268206740e-01  4.658549630568e+00  4.231444164893e+00
 2.050000000000e+01  1.402072372099e+00  4.496226306572e-01  4.671207083200e+00  4.381957840194e+00
 2.100000000000e+01  1.358265729024e+00  4.496191472084e-01  4.678626394432e+00  4.529252817973e+00
 2.150000000000e+01  1.316097807698e+00  4.496162511580e-01  4.681101832240e+00  4.673156851515e+00
 2.200000000000e+01  1.275497089388e+00  4.496138434420e-01  4.678917165729e+00  4.813516276561e+00
 2.250000000000e+01  1.236395254342e+00  4.496118417079e-01  4.672345680071e+00  4.950195022116e+00
 2.300000000000e+01  1.198727122951e+00  4.496101774939e-01  4.661650286551e+00  5.083073652125e+00
 2.350000000000e+01  1.162430563867e+00  4.496087938859e-01  4.647083690671e+00  5.212048440247e+00
 2.400000000000e+01  1.127446390912e+00  4.496076435658e-01  4.628888594524e+00  5.337030477469e+00
 2.450000000000e+01  1.093718246539e+00  4.496066871985e-01  4.607297921549e+00  5.457944813486e+00
 2.500000000000e+01  1.061192482625e+00  4.496058920802e-01  4.582535052968e+00  5.574729631575e+00
 2.550000000000e+01  1.029818039741e+00  4.496052310224e-01  4.554814071193e+00  5.687335456830e+00
 2.600000000000e+01  9.995463265733e-01  4.496046814213e-01  4.524340006373e+00  5.795724395369e+00
 2.650000000000e+01  9.703311023488e-01  4.496042244843e-01  4.491309084210e+00  5.899869406539e+00
 2.700000000000e+01  9.421283617309e-01  4.496038445874e-01  4.455908973512e+00  5.999753603828e+00
 2.750000000000e+01  9.148962240112e-01  4.496035287417e-01  4.418319032768e+00  6.095369587316e+00
 2.800000000000e+01  8.885948260072e-01  4.496032661479e-01  4.378710555214e+00  6.186718803121e+00
 2.850000000000e+01  8.631862194179e-01  4.496030478276e-01  4.337247012029e+00  6.273810932431e+00
 2.900000000000e+01  8.386342726421e-01  4.496028663160e-01  4.294084293381e+00  6.356663306921e+00
 2.950000000000e+01  8.149045770152e-01  4.496027154076e-01  4.249370947136e+00  6.435300350766e+00
 3.000000000000e+01  7.919643575295e-01  4.496025899421e-01  4.203248415032e+00  6.509753047920e+00
 3.050000000000e+01  7.697823877722e-01  4.496024856300e-01  4.155851266121e+00  6.580058435206e+00
 3.100000000000e+01  7.483289092743e-01  4.496023989048e-01  4.107307427296e+00  6.646259117977e+00
 3.150000000000e+01  7.275755549344e-01  4.496023268017e-01  4.057738410717e+00  6.708402810400e+00
 3.200000000000e+01  7.074952760014e-01  4.496022668548e-01  4.007259537948e+00  6.766541897432e+00
 3.250000000000e+01  6.880622738959e-01  4.496022170150e-01  3.955980160583e+00  6.820733019372e+00
 3.300000000000e+01  6.692519345104e-01  4.496021755782e-01  3.904003877238e+00  6.871036676814e+00
 3.350000000000e+01  6.510407667255e-01  4.496021411274e-01  3.851428746661e+00  6.917516856433e+00
 3.400000000000e+01  6.334063436383e-01  4.496021124847e-01  3.798347498649e+00  6.960240673386e+00
 3.450000000000e+01  6.163272479950e-01  4.496020886707e-01  3.744847736545e+00  6.999278039608e+00
 3.500000000000e+01  5.997830194827e-01  4.496020688711e-01  3.691012140429e+00  7.034701342815e+00
 3.550000000000e+01  5.837541033763e-01  4.496020524072e-01  3.636918671440e+00  7.066585134162e+00
 3.600000000000e+01  5.682218113490e-01  4.496020387177e-01  3.582640733524e+00  7.095005890303e+00
 3.650000000000e+01  5.531682750832e-01  4.496020273367e-01  3.528247369687e+00  7.120041732051e+00
 3.700000000000e+01  5.385764002053e-01  4.496020178760e-01  3.473803462766e+00  7.141772145760e+00
 3.750000000000e+01  5.244298270236e-01  4.496020100113e-01  3.419369913258e+00  7.160277747553e+00
 3.800000000000e+01  5.107128952504e-01  4.496020034731e-01  3.365003804633e+00  7.175640073016e+00
 3.850000000000e+01  4.974106099526e-01  4.496019980375e-01  3.310758566610e+00  7.187941375874e+00
 3.900000000000e+01  4.845086084558e-01  4.496019935184e-01  3.256684137535e+00  7.197264433727e+00
 3.950000000000e+01  4.719931287528e-01  4.496019897615e-01  3.202827123220e+00  7.203692364543e+00
 4.000000000000e+01  4.598509798189e-01  4.496019866383e-01  3.149230950299e+00  7.207308456266e+00
 4.050000000000e+01  4.480695137328e-01  4.496019840418e-01  3.095936013841e+00  7.208196009246e+00
 4.100000000000e+01  4.366365994043e-01  4.496019818832e-01  3.042979819760e+00  7.206438190122e+00
 4.150000000000e+01  4.255405976959e-01  4.496019800887e-01  2.990397122442e+00  7.202117896069e+00
 4.200000000000e+01  4.147703378821e-01  4.496019785968e-01  2.938220057745e+00  7.195317628853e+00
 4.250000000000e+01  4.043150953609e-01  4.496019773565e-01  2.886478271302e+00  7.186119378374e+00
 4.300000000000e+01  3.941645704954e-01  4.496019763254e-01  2.835199042733e+00  7.174604514857e+00
 4.350000000000e+01  3.843088689567e-01  4.496019754682e-01  2.784407403009e+00  7.160853691611e+00
 4.400000000000e+01  3.747384826491e-01  4.496019747555e-01  2.734126250241e+00  7.144946753425e+00
 4.450000000000e+01  3.654442718610e-01  4.496019741631e-01  2.684376459731e+00  7.126962653970e+00
 4.500000000000e+01  3.564174447160e-01  4.496019736704e-01  2.635177012633e+00  7.106979365031e+00
 4.550000000000e+01  3.476495514065e-01  4.496019732608e-01  2.586545032896e+00  7.085073852629e+00
 4.600000000000e+01  3.391324573768e-01  4.496019729201e-01  2.538495958811e+00  7.061321964828e+00
 4.650000000000e+01  3.308583420332e-01  4.496019726370e-01  2.491043553190e+00  7.035798431990e+00
 4.700000000000e+01  3.228196732564e-01  4.496019724018e-01  2.444200067312e+00  7.008576763690e+00
 4.750000000000e+01  3.150091952973e-01  4.496019722065e-01  2.397976322642e+00  6.979729213981e+00
 4.800000000000e+01  3.074199198027e-01  4.496019720441e-01  2.352381770513e+00  6.949326749949e+00
 4.850000000000e+01  3.000451119240e-01  4.496019719091e-01  2.307424586964e+00  6.917439014571e+00
 4.900000000000e+01  2.928782840771e-01  4.496019717969e-01  2.263111717311e+00  6.884134317180e+00
 4.950000000000e+01  2.859131816612e-01  4.496019717035e-01  2.219448970786e+00  6.849479588160e+00
 5.000000000000e+01  2.791437766285e-01  4.496019716258e-01  2.176441067312e+00  6.813540377521e+00
 5.050000000000e+01  2.725642548123e-01  4.496019715612e-01  2.134091721521e+00  6.776380822799e+00
 5.100000000000e+01  2.661690082671e-01  4.496019715076e-01  2.092403697502e+00  6.738063640504e+00
 5.150000000000e+01  2.599526259853e-01  4.496019714630e-01  2.051378872708e+00  6.698650116592e+00
 5.200000000000e+01  2.539098820685e-01  4.496019714258e-01  2.011018316857e+00  6.658200066434e+00
 5.250000000000e+01  2.480357404685e-01  4.496019713950e-01  1.971322271269e+00  6.616771925313e+00
 5.300000000000e+01  2.423253256352e-01  4.496019713693e-01  1.932290334053e+00  6.574422583788e+00
 5.350000000000e+01  2.367739393547e-01  4.496019713480e-01  1.893921360742e+00  6.531207565215e+00
 5.400000000000e+01  2.313770397088e-01  4.496019713303e-01  1.856213602401e+00  6.487180922912e+00
 5.450000000000e+01  2.261302342107e-01  4.496019713155e-01  1.819164751552e+00  6.442395242296e+00
 5.500000000000e+01  2.210292889506e-01  4.496019713033e-01  1.782771882487e+00  6.396901761634e+00
 5.550000000000e+01  2.160701001949e-01  4.496019712930e-01  1.747031646842e+00  6.350750214622e+00
 5.600000000000e+01  2.112487111783e-01  4.496019712844e-01  1.711940153941e+00  6.303989001483e+00
 5.650000000000e+01  2.065612892301e-01  4.496019712773e-01  1.677493133767e+00  6.256665080346e+00
 5.700000000000e+01  2.020041306873e-01  4.496019712713e-01  1.643685898343e+00  6.208824046232e+00
 5.750000000000e+01  1.975736541227e-01  4.496019712664e-01  1.610513388578e+00  6.160510133094e+00
 5.800000000000e+01  1.932663913226e-01  4.496019712622e-01  1.577970237790e+00  6.111766204726e+00
 5.850000000000e+01  1.890789912571e-01  4.496019712588e-01  1.546050734326e+00  6.062633820442e+00
 5.900000000000e+01  1.850082052001e-01  4.496019712560e-01  1.514748935310e+00  6.013153191564e+00
 5.950000000000e+01  1.810508931447e-01  4.496019712536e-01  1.484058607069e+00  5.963363261743e+00
 6.000000000000e+01  1.772040131226e-01  4.496019712517e-01  1.453973305038e+00  5.913301687765e+00
 6.050000000000e+01  1.734646190710e-01  4.496019712500e-01  1.424486385278e+00  5.863004868356e+00
 6.100000000000e+01  1.698298616125e-01  4.496019712487e-01  1.395590993172e+00  5.812507988700e+00
 6.150000000000e+01  1.662969766006e-01  4.496019712475e-01  1.367280145522e+00  5.761845002146e+00
 6.200000000000e+01  1.628632914010e-01  4.496019712465e-01  1.339546677892e+00  5.711048693858e+00
 6.250000000000e+01  1.595262129983e-01  4.496019712457e-01  1.312383330969e+00  5.660150669723e+00
 6.300000000000e+01  1.562832308518e-01  4.496019712451e-01  1.285782720159e+00  5.609181399249e+00
 6.350000000000e+01  1.531319124097e-01  4.496019712445e-01  1.259737365177e+00  5.558170233367e+00
 6.400000000000e+01  1.500698984105e-01  4.496019712441e-01  1.234239723101e+00  5.507145422261e+00
 6.450000000000e+01  1.470949046664e-01  4.496019712437e-01  1.209282161867e+00  5.456134150181e+00
 6.500000000000e+01  1.442047138017e-01  4.496019712434e-01  1.184857025441e+00  5.405162545395e+00
 6.550000000000e+01  1.413971787387e-01  4.496019712432e-01  1.160956597054e+00  5.354255716573e+00
 6.600000000000e+01  1.386702160377e-01  4.496019712429e-01  1.137573145235e+00  5.303437768362e+00
 6.650000000000e+01  1.360218053612e-01  4.496019712427e-01  1.114698922086e+00  5.252731827561e+00
 6.700000000000e+01  1.334499887952e-01  4.496019712425e-01  1.092326162641e+00  5.202160068808e+00
 6.750000000000e+01  1.309528651306e-01  4.496019712424e-01  1.070447122690e+00  5.151743734832e+00
 6.800000000000e+01  1.285285925110e-01  4.496019712424e-01  1.049054048637e+00  5.101503160756e+00
 6.850000000000e+01  1.261753819946e-01  4.496019712423e-01  1.028139226258e+00  5.051457799302e+00
 6.900000000000e+01  1.238914990624e-01  4.496019712423e-01  1.007694957971e+00  5.001626240506e+00
 6.950000000000e+01  1.216752606032e-01  4.496019712422e-01  9.877135809855e-01  4.952026236336e+00
 7.000000000000e+01  1.195250324697e-01  4.496019712421e-01  9.681874809480e-01  4.902674724574e+00
 7.050000000000e+01  1.174392302429e-01  4.496019712420e-01  9.491090789610e-01  4.853587845999e+00
 7.100000000000e+01  1.154163143259e-01  4.496019712419e-01  9.304708624118e-01  4.804780974758e+00
 7.150000000000e+01  1.134547918942e-01  4.496019712419e-01  9.122653641806e-01  4.756268730340e+00
 7.200000000000e+01  1.115532126917e-01  4.496019712419e-01  8.944851884468e-01  4.708065008145e+00
 7.250000000000e+01  1.097101689932e-01  4.496019712419e-01  8.771230039924e-01  4.660182995515e+00
 7.300000000000e+01  1.079242945712e-01  4.496019712420e-01  8.601715452996e-01  4.612635191317e+00
 7.350000000000e+01  1.061942617566e-01  4.496019712421e-01  8.436236300602e-01  4.565433434279e+00
 7.400000000000e+01  1.045187827180e-01  4.496019712421e-01  8.274721424318e-01  4.518588909952e+00
 7.450000000000e+01  1.028966054529e-01  4.496019712421e-01  8.117100568389e-01  4.472112186504e+00
 7.500000000000e+01  1.013265148226e-01  4.496019712421e-01  7.963304248342e-01  4.426013220412e+00
 7.550000000000e+01  9.980733041787e-02  4.496019712421e-01  7.813263845851e-01  4.380301382615e+00
 7.600000000000e+01  9.833790522449e-02  4.496019712421e-01  7.666911643218e-01  4.334985478617e+00
 7.650000000000e+01  9.691712560244e-02  4.496019712421e-01  7.524180760243e-01  4.290073757710e+00
 7.700000000000e+01  9.554390870557e-02  4.496019712421e-01  7.385005296477e-01  4.245573946013e+00
 7.750000000000e+01  9.421720337318e-02  4.496019712423e-01  7.249320197622e-01  4.201493246074e+00
 7.800000000000e+01  9.293598733813e-02  4.496019712430e-01  7.117061401521e-01  4.157838371499e+00
 7.850000000000e+01  9.169926751139e-02  4.496019712441e-01  6.988165766970e-01  4.114615552767e+00
 7.900000000000e+01  9.050607904029e-02  4.496019712453e-01  6.862571086509e-01  4.071830554483e+00
 7.950000000000e+01  8.935548348521e-02  4.496019712464e-01  6.740216147826e-01  4.029488700451e+00
 8.000000000000e+01  8.824656939799e-02  4.496019712472e-01  6.621040654261e-01  3.987594873863e+00
 8.050000000000e+01  8.717845000974e-02  4.496019712470e-01  6.504985319592e-01  3.946153551400e+00
 8.100000000000e+01  8.615026357305e-02  4.496019712463e-01  6.391991792466e-01  3.905168801672e+00
 8.150000000000e+01  8.516117196076e-02  4.496019712454e-01  6.282002700701e-01  3.864644309732e+00
 8.200000000000e+01  8.421035999401e-02  4.496019712446e-01  6.174961646367e-01  3.824583390468e+00
 8.250000000000e+01  8.329703524031e-02  4.496019712441e-01  6.070813169224e-01  3.784988994651e+00
 8.300000000000e+01  8.242042627830e-02  4.496019712448e-01  5.969502804200e-01  3.745863737273e+00
 8.350000000000e+01  8.157978340683e-02  4.496019712457e-01  5.870977005634e-01  3.707209891923e+00
 8.400000000000e+01  8.077437657142e-02  4.496019712467e-01  5.775183209619e-01  3.669029423011e+00
 8.450000000000e+01  8.000349557002e-02  4.496019712474e-01  5.682069783858e-01  3.631323984703e+00
 8.500000000000e+01  7.926644920410e-02  4.496019712474e-01  5.591586030940e-01  3.594094936318e+00
 8.550000000000e+01  7.856256433651e-02  4.496019712459e-01  5.503682200586e-01  3.557343361397e+00
 8.600000000000e+01  7.789118565240e-02  4.496019712443e-01  5.418309449596e-01  3.521070067194e+00
 8.650000000000e+01  7.725167481714e-02  4.496019712436e-01  5.335419855569e-01  3.485275604840e+00
 8.700000000000e+01  7.664341026479e-02  4.496019712438e-01  5.254966395430e-01  3.449960275421e+00
 8.750000000000e+01  7.606578653201e-02  4.496019712440e-01  5.176902941978e-01  3.415124143148e+00
 8.800000000000e+01  7.551821358772e-02  4.496019712439e-01  5.101184252537e-01  3.380767045323e+00
 8.850000000000e+01  7.500011620164e-02  4.496019712439e-01  5.027765958213e-01  3.346888602455e+00
 8.900000000000e+01  7.451093332265e-02  4.496019712451e-01  4.956604551033e-01  3.313488227454e+00
 8.950000000000e+01  7.405011790684e-02  4.496019712453e-01  4.887657370939e-01  3.280565134588e+00
 9.000000000000e+01  7.361713636756e-02  4.496019712456e-01  4.820882594637e-01  3.248118348845e+00
 9.050000000000e+01  7.321146773186e-02  4.496019712451e-01  4.756239223317e-01  3.216146715071e+00
 9.100000000000e+01  7.283260342672e-02  4.496019712440e-01  4.693687069072e-01  3.184648906150e+00
 9.150000000000e+01  7.248004672136e-02  4.496019712449e-01  4.633186741681e-01  3.153623431215e+00
 9.200000000000e+01  7.215331221454e-02  4.496019712451e-01  4.574699635125e-01  3.123068643843e+00
 9.250000000000e+01  7.185192553508e-02  4.496019712456e-01  4.518187913675e-01  3.092982749490e+00
 9.300000000000e+01  7.157542270480e-02  4.496019712452e-01  4.463614497894e-01  3.063363813131e+00
 9.350000000000e+01  7.132334981029e-02  4.496019712446e-01  4.410943050414e-01  3.034209766301e+00
 9.400000000000e+01  7.109526247285e-02  4.496019712450e-01  4.360137961531e-01  3.005518414077e+00
 9.450000000000e+01  7.089072544218e-02  4.496019712457e-01  4.311164334640e-01  2.977287441874e+00
 9.500000000000e+01  7.070931219890e-02  4.496019712456e-01  4.263987971512e-01  2.949514421791e+00
 9.550000000000e+01  7.055060448878e-02  4.496019712457e-01  4.218575357437e-01  2.922196818866e+00
 9.600000000000e+01  7.041419193603e-02  4.496019712457e-01  4.174893646255e-01  2.895331997103e+00
 9.650000000000e+01  7.029967162291e-02  4.496019712458e-01  4.132910645285e-01  2.868917225239e+00
 9.700000000000e+01  7.020664769007e-02  4.496019712454e-01  4.092594800159e-01  2.842949682313e+00
 9.750000000000e+01  7.013473092957e-02  4.496019712454e-01  4.053915179593e-01  2.817426463011e+00
 9.800000000000e+01  7.008353840737e-02  4.496019712454e-01  4.016841460075e-01  2.792344582819e+00
 9.850000000000e+01  7.005269306435e-02  4.496019712454e-01  3.981343910503e-01  2.767700982975e+00
 9.900000000000e+01  7.004182334451e-02  4.496019712454e-01  3.947393376710e-01  2.743492535218e+00
 9.950000000000e+01  7.005056280391e-02  4.496019712454e-01  3.914961265877e-01  2.719716046408e+00
 1.000000000000e+02  7.007855019544e-02  4.496019712454e-01  3.884019584967e-01  2.696368257161e+00
 1.005000000000e+02  7.012542832949e-02  4.496019712454e-01  3.854540833422e-01  2.673445856058e+00
 1.010000000000e+02  7.019084359890e-02  4.496019712454e-01  3.826497970521e-01  2.650945485144e+00
 1.015000000000e+02  7.027444620919e-02  4.496019712454e-01  3.799864468929e-01  2.628863736189e+00
 1.020000000000e+02  7.037589005893e-02  4.496019712454e-01  3.774614336017e-01  2.607197151218e+00
 1.025000000000e+02  7.049483269281e-02  4.496019712454e-01  3.750722153854e-01  2.585942221671e+00
 1.030000000000e+02  7.063093208824e-02  4.496019712454e-01  3.728162605560e-01  2.565095431807e+00
 1.035000000000e+02  7.078385067905e-02  4.496019712454e-01  3.706911145916e-01  2.544653201570e+00
 1.040000000000e+02  7.095325109397e-02  4.496019712454e-01  3.686943340875e-01  2.524611945071e+00
 1.045000000000e+02  7.113879947510e-02  4.496019712454e-01  3.668235455675e-01  2.504968022184e+00
 1.050000000000e+02  7.134016242621e-02  4.496019712454e-01  3.650764011047e-01  2.485717778572e+00
 1.055000000000e+02  7.155700862856e-02  4.496019712454e-01  3.634506031515e-01  2.466857523993e+00
 1.060000000000e+02  7.178900646547e-02  4.496019712454e-01  3.619438809029e-01  2.448383558375e+00
 1.065000000000e+02  7.203582606694e-02  4.496019712454e-01  3.605540077303e-01  2.430292150646e+00
 1.070000000000e+02  7.229713632906e-02  4.496019712454e-01  3.592787781468e-01  2.412579568337e+00
 1.075000000000e+02  7.257260753922e-02  4.496019712454e-01  3.581160281656e-01  2.395242051437e+00
 1.080000000000e+02  7.286190850841e-02  4.496019712454e-01  3.570636147428e-01  2.378275839191e+00
 1.085000000000e+02  7.316470859994e-02  4.496019712454e-01  3.561194300588e-01  2.361677151281e+00
 1.090000000000e+02  7.348067561240e-02  4.496019712454e-01  3.552813890344e-01  2.345442204583e+00
 1.095000000000e+02  7.380947714147e-02  4.496019712454e-01  3.545474365790e-01  2.329567202992e+00
 1.100000000000e+02  7.415077901526e-02  4.496019712454e-01  3.539155396727e-01  2.314048347840e+00
 1.105000000000e+02  7.450424573686e-02  4.496019712454e-01  3.533836875349e-01  2.298881835997e+00
 1.110000000000e+02  7.486953987648e-02  4.496019712454e-01  3.529498890385e-01  2.284063863444e+00
 1.115000000000e+02  7.524632385819e-02  4.496019712454e-01  3.526121845869e-01  2.269590612699e+00
 1.120000000000e+02  7.563425861155e-02  4.496019712454e-01  3.523686365206e-01  2.255458262552e+00
 1.125000000000e+02  7.603299796394e-02  4.496019712454e-01  3.522172857950e-01  2.241663029595e+00
 1.130000000000e+02  7.644220057706e-02  4.496019712454e-01  3.521562432721e-01  2.228201080100e+00
 1.135000000000e+02  7.686152196152e-02  4.496019712454e-01  3.521836283935e-01  2.215068589055e+00
 1.140000000000e+02  7.729061238540e-02  4.496019712454e-01  3.522975519645e-01  2.202261754875e+00
 1.145000000000e+02  7.772911875352e-02  4.496019712454e-01  3.524961308372e-01  2.189776785900e+00
 1.150000000000e+02  7.817669032082e-02  4.496019712454e-01  3.527775329255e-01  2.177609859287e+00
 1.155000000000e+02  7.863297229824e-02  4.496019712454e-01  3.531399263460e-01  2.165757167106e+00
 1.160000000000e+02  7.909760433538e-02  4.496019712453e-01  3.535814520727e-01  2.154214933908e+00
 1.165000000000e+02  7.957022659053e-02  4.496019712453e-01  3.541002996772e-01  2.142979360868e+00
 1.170000000000e+02  8.005047539793e-02  4.496019712453e-01  3.546946532650e-01  2.132046665558e+00
 1.175000000000e+02  8.053798581227e-02  4.496019712452e-01  3.553627044001e-01  2.121413068335e+00
 1.180000000000e+02  8.103239183730e-02  4.496019712452e-01  3.561026511323e-01  2.111074792178e+00
 1.185000000000e+02  8.153332225561e-02  4.496019712451e-01  3.569126930144e-01  2.101028076398e+00
 1.190000000000e+02  8.204040440943e-02  4.496019712451e-01  3.577910333685e-01  2.091269165282e+00
 1.195000000000e+02  8.255326783664e-02  4.496019712451e-01  3.587358963828e-01  2.081794289529e+00
 1.200000000000e+02  8.307153644336e-02  4.496019712451e-01  3.597454938950e-01  2.072599704231e+00
