              time               pSTAT               LRtot               mSOCS                SOCS
 0.000000000000e+00  0.000000000000e+00  0.000000000000e+00  0.000000000000e+00  0.000000000000e+00
 5.000000000000e-01  2.355843097462e-01  9.881239057335e-01  4.512568601741e-04  3.857977772792e-06
 1.000000000000e+00  5.323156296248e-01  9.987467878016e-01  9.098861988854e-03  1.749128198389e-04
 1.500000000000e+00  7.764075818973e-01  9.988680138546e-01  4.089045544586e-02  1.288093985170e-03
 2.000000000000e+00  9.946945484207e-01  9.988480338013e-01  1.046622022999e-01  4.720333960241e-03
 2.500000000000e+00  1.199104330750e+00  9.988253240112e-01  2.014433022197e-01  1.204895477394e-02
 3.000000000000e+00  1.393922476194e+00  9.988030545538e-01  3.278781491978e-01  2.474517713946e-02
 3.500000000000e+00  1.580517680796e+00  9.987822024337e-01  4.789712985700e-01  4.403592996891e-02
 4.000000000000e+00  1.759158729139e+00  9.987636351991e-01  6.495397308347e-01  7.087085645347e-02
 4.500000000000e+00  1.929695946552e+00  9.987482104673e-01  8.348420594687e-01  1.059389063965e-01
 5.000000000000e+00  2.091815160286e+00  9.987367806160e-01  1.030788437615e+00  1.497033978126e-01
 5.500000000000e+00  2.245133397154e+00  9.987301687931e-01  1.233958306055e+00  2.024406016987e-01
 6.000000000000e+00  2.389237830079e+00  9.987291329956e-01  1.441539038899e+00  2.642754409544e-01
 6.500000000000e+00  2.523706090008e+00  9.987343259387e-01  1.651239237463e+00  3.352119850969e-01
 7.000000000000e+00  2.648121907083e+00  9.987462555601e-01  1.861201224362e+00  4.151583838311e-01
 7.500000000000e+00  2.762090475208e+00  9.987652499849e-01  2.069922501456e+00  5.039466958843e-01
 8.000000000000e+00  2.865254447498e+00  9.987914303347e-01  2.276189245567e+00  6.013483791516e-01
 8.500000000000e+00  2.957310048433e+00  9.988246942095e-01  2.479021676363e+00  7.070862580433e-01
 9.000000000000e+00  3.038022377472e+00  9.988647117516e-01  2.677629839711e+00  8.208437441697e-01
 9.500000000000e+00  3.107238956227e+00  9.989109353415e-01  2.871378103207e+00  9.422719602975e-01
 1.000000000000e+01  3.164900652369e+00  9.989626226078e-01  3.059756856464e+00  1.070995287165e+00
 1.050000000000e+01  3.211049435320e+00  9.990188708916e-01  3.242359648939e+00  1.206615857797e+00
 1.100000000000e+01  3.245832598161e+00  9.990786608793e-01  3.418864919446e+00  1.348717269110e+00
 1.150000000000e+01  3.269503303296e+00  9.991409055498e-01  3.589021233434e+00  1.496867814452e+00
 1.200000000000e+01  3.282417559586e+00  9.992045006578e-01  3.752635332000e+00  1.650623416945e+00
 1.250000000000e+01  3.285027876489e+00  9.992683729403e-01  3.909562429300e+00  1.809530394837e+00
 1.300000000000e+01  3.277874007656e+00  9.993315224859e-01  4.059698303873e+00  1.973128139165e+00
 1.350000000000e+01  3.261571292207e+00  9.993930569863e-01  4.202972848342e+00  2.140951741855e+00
 1.400000000000e+01  3.236797191202e+00  9.994522160769e-01  4.339344795058e+00  2.312534583647e+00
 1.450000000000e+01  3.204276638731e+00  9.995083855365e-01  4.468797417203e+00  2.487410868445e+00
 1.500000000000e+01  3.164766853640e+00  9.995611017092e-01  4.591335021014e+00  2.665118077713e+00
 1.550000000000e+01  3.119042226357e+00  9.996100474781e-01  4.706980093048e+00  2.845199310117e+00
 1.600000000000e+01  3.067879836699e+00  9.996550414924e-01  4.815770989328e+00  3.027205471171e+00
 1.650000000000e+01  3.012046082240e+00  9.996960226196e-01  4.917760067733e+00  3.210697279954e+00
 1.700000000000e+01  2.952284791423e+00  9.997330315343e-01  5.013012183974e+00  3.395247066520e+00
 1.750000000000e+01  2.889307093057e+00  9.997661911602e-01  5.101603481115e+00  3.580440340585e+00
 1.800000000000e+01  2.823783193259e+00  9.997956873714e-01  5.183620412660e+00  3.765877121837e+00
 1.850000000000e+01  2.756336129146e+00  9.998217510166e-01  5.259158948601e+00  3.951173027685e+00
 1.900000000000e+01  2.687537395436e+00  9.998446418723e-01  5.328323916267e+00  4.135960131707e+00
 1.950000000000e+01  2.617904291855e+00  9.998646349851e-01  5.391228435985e+00  4.319887609530e+00
 2.000000000000e+01  2.547899117041e+00  9.998820094620e-01  5.447993434956e+00  4.502622151769e+00
 2.050000000000e+01  2.477929550525e+00  9.998970403201e-01  5.498747188409e+00  4.683848219961e+00
 2.100000000000e+01  2.408350207617e+00  9.999099910759e-01  5.543624879167e+00  4.863268137272e+00
 2.150000000000e+01  2.339465113757e+00  9.999211097202e-01  5.582768160086e+00  5.040602044371e+00
 2.200000000000e+01  2.271530942953e+00  9.999306248959e-01  5.616324701142e+00  5.215587729465e+00
 2.250000000000e+01  2.204760657652e+00  9.999387466145e-01  5.644447711830e+00  5.387980375695e+00
 2.300000000000e+01  2.139327366704e+00  9.999456641939e-01  5.667295441055e+00  5.557552236929e+00
 2.350000000000e+01  2.075368356031e+00  9.999515439708e-01  5.685030649281e+00  5.724092245670e+00
 2.400000000000e+01  2.012989181399e+00  9.999565369056e-01  5.697820049680e+00  5.887405581567e+00
 2.450000000000e+01  1.952267472858e+00  9.999607712953e-01  5.705833732100e+00  6.047313210983e+00
 2.500000000000e+01  1.893256690686e+00  9.999643618484e-01  5.709244566573e+00  6.203651403290e+00
 2.550000000000e+01  1.835989541126e+00  9.999674071316e-01  5.708227596936e+00  6.356271226981e+00
 2.600000000000e+01  1.780481166366e+00  9.999699897899e-01  5.702959431485e+00  6.505038041420e+00
 2.650000000000e+01  1.726732007201e+00  9.999721831028e-01  5.693617638077e+00  6.649830984268e+00
 2.700000000000e+01  1.674730338862e+00  9.999740483115e-01  5.680380151090e+00  6.790542454995e+00
 2.750000000000e+01  1.624454550912e+00  9.999756374759e-01  5.663424696622e+00  6.927077600476e+00
 2.800000000000e+01  1.575875119012e+00  9.999769945771e-01  5.642928242289e+00  7.059353803108e+00
 2.850000000000e+01  1.528956313270e+00  9.999781566349e-01  5.619066476778e+00  7.187300172942e+00
 2.900000000000e+01  1.483657662256e+00  9.999791551772e-01  5.592013323272e+00  7.310857045090e+00
 2.950000000000e+01  1.439935195409e+00  9.999800156936e-01  5.561940489917e+00  7.429975481275e+00
 3.000000000000e+01  1.397742488054e+00  9.999807601317e-01  5.529017059412e+00  7.544616780029e+00
 3.050000000000e+01  1.357031532604e+00  9.999814068579e-01  5.493409118292e+00  7.654751990383e+00
 3.100000000000e+01  1.317753455107e+00  9.999819708925e-01  5.455279426036e+00  7.760361432246e+00
 3.150000000000e+01  1.279859078819e+00  9.999824648788e-01  5.414787135493e+00  7.861434242287e+00
 3.200000000000e+01  1.243299422031e+00  9.999828992792e-01  5.372087532956e+00  7.957967898531e+00
 3.250000000000e+01  1.208026068954e+00  9.999832828447e-01  5.327331823781e+00  8.049967760382e+00
 3.300000000000e+01  1.173991448991e+00  9.999836228456e-01  5.280666963881e+00  8.137446639396e+00
 3.350000000000e+01  1.141149049992e+00  9.999839253139e-01  5.232235523971e+00  8.220424389552e+00
 3.400000000000e+01  1.109453607796e+00  9.999841952782e-01  5.182175565848e+00  8.298927451468e+00
 3.450000000000e+01  1.078861232945e+00  9.999844369473e-01  5.130620556600e+00  8.372988423513e+00
 3.500000000000e+01  1.049329475158e+00  9.999846538559e-01  5.077699321115e+00  8.442645676503e+00
 3.550000000000e+01  1.020817362444e+00  9.999848489339e-01  5.023536016235e+00  8.507942984957e+00
 3.600000000000e+01  9.932854370528e-01  9.999850246559e-01  4.968250117395e+00  8.568929137500e+00
 3.650000000000e+01  9.666957671526e-01  9.999851830950e-01  4.911956426728e+00  8.625657559565e+00
 3.700000000000e+01  9.410119319924e-01  9.999853259989e-01  4.854765100585e+00  8.678185961758e+00
 3.750000000000e+01  9.161989961289e-01  9.999854549442e-01  4.796781691968e+00  8.726576001248e+00
 3.800000000000e+01  8.922234763931e-01  9.999855711506e-01  4.738107207108e+00  8.770892951037e+00
 3.850000000000e+01  8.690533067662e-01  9.999856756491e-01  4.678838173504e+00  8.811205379777e+00
 3.900000000000e+01  8.466578012790e-01  9.999857691981e-01  4.619066716413e+00  8.847584845308e+00
 3.950000000000e+01  8.250076010301e-01  9.999858533639e-01  4.558880644036e+00  8.880105603672e+00
 4.000000000000e+01  8.040746091236e-01  9.999859275015e-01  4.498363543196e+00  8.908844328379e+00
 4.050000000000e+01  7.838319878378e-01  9.999859933349e-01  4.437594878424e+00  8.933879839908e+00
 4.100000000000e+01  7.642540599410e-01  9.999860517079e-01  4.376650095021e+00  8.955292852333e+00
 4.150000000000e+01  7.453162323166e-01  9.999861017244e-01  4.315600729080e+00  8.973165728193e+00
 4.200000000000e+01  7.269950370834e-01  9.999861447645e-01  4.254514518398e+00  8.987582242672e+00
 4.250000000000e+01  7.092680412629e-01  9.999861812337e-01  4.193455515077e+00  8.998627365138e+00
 4.300000000000e+01  6.921137562953e-01  9.999862105966e-01  4.132484202388e+00  9.006387049850e+00
 4.350000000000e+01  6.755116592875e-01  9.999862345539e-01  4.071657611183e+00  9.010948036106e+00
 4.400000000000e+01  6.594420950058e-01  9.999862519814e-01  4.011029436352e+00  9.012397661900e+00
 4.450000000000e+01  6.438862738108e-01  9.999862641313e-01  3.950650154337e+00  9.010823684593e+00
 4.500000000000e+01  6.288262122170e-01  9.999862704939e-01  3.890567138868e+00  9.006314115184e+00
 4.550000000000e+01  6.142446961640e-01  9.999862718076e-01  3.830824777019e+00  8.998957060976e+00
 4.600000000000e+01  6.001252472239e-01  9.999862678889e-01  3.771464585414e+00  8.988840575852e+00
 4.650000000000e+01  5.864520818215e-01  9.999862591179e-01  3.712525322028e+00  8.976052523832e+00
 4.700000000000e+01  5.732100846466e-01  9.999862455874e-01  3.654043090138e+00  8.960680458326e+00
 4.750000000000e+01  5.603847737525e-01  9.999862273982e-01  3.596051458461e+00  8.942811488847e+00
 4.800000000000e+01  5.479622673301e-01  9.999862047117e-01  3.538581571269e+00  8.922532166483e+00
 4.850000000000e+01  5.359292580980e-01  9.999861776499e-01  3.481662243950e+00  8.899928389867e+00
 4.900000000000e+01  5.242729918352e-01  9.999861463138e-01  3.425320045545e+00  8.875085327897e+00
 4.950000000000e+01  5.129812332707e-01  9.999861107960e-01  3.369579429222e+00  8.848087299682e+00
 5.000000000000e+01  5.020422400029e-01  9.999860711994e-01  3.314462835174e+00  8.819017688075e+00
 5.050000000000e+01  4.914447420426e-01  9.999860276113e-01  3.259990774743e+00  8.787958875688e+00
 5.100000000000e+01  4.811779213951e-01  9.999859801067e-01  3.206181915982e+00  8.754992182341e+00
 5.150000000000e+01  4.712313915251e-01  9.999859287588e-01  3.153053171155e+00  8.720197803881e+00
 5.200000000000e+01  4.615951766070e-01  9.999858736360e-01  3.100619788095e+00  8.683654754778e+00
 5.250000000000e+01  4.522596933464e-01  9.999858148054e-01  3.048895425743e+00  8.645440811109e+00
 5.300000000000e+01  4.432157321347e-01  9.999857523223e-01  2.997892249379e+00  8.605632478129e+00
 5.350000000000e+01  4.344544377573e-01  9.999856862434e-01  2.947620997914e+00  8.564304909535e+00
 5.400000000000e+01  4.259673000167e-01  9.999856166172e-01  2.898091060890e+00  8.521531940574e+00
 5.450000000000e+01  4.177461261465e-01  9.999855434904e-01  2.849310567618e+00  8.477385959299e+00
 5.500000000000e+01  4.097830436258e-01  9.999854669065e-01  2.801286420666e+00  8.431937999359e+00
 5.550000000000e+01  4.020704669516e-01  9.999853869064e-01  2.754024413851e+00  8.385257594246e+00
 5.600000000000e+01  3.946011048266e-01  9.999853035269e-01  2.707529234673e+00  8.337412876571e+00
 5.650000000000e+01  3.873679292034e-01  9.999852168031e-01  2.661804589328e+00  8.288470459397e+00
 5.700000000000e+01  3.803641796514e-01  9.999851267668e-01  2.616853201596e+00  8.238495509773e+00
 5.750000000000e+01  3.735833382041e-01  9.999850334474e-01  2.572676924898e+00  8.187551666540e+00
 5.800000000000e+01  3.670191306022e-01  9.999849368729e-01  2.529276747728e+00  8.135701097258e+00
 5.850000000000e+01  3.606655050108e-01  9.999848370688e-01  2.486652892333e+00  8.083004434543e+00
 5.900000000000e+01  3.545166331114e-01  9.999847340591e-01  2.444804819533e+00  8.029520835499e+00
 5.950000000000e+01  3.485668901045e-01  9.999846278661e-01  2.403731322385e+00  7.975307922956e+00
 6.000000000000e+01  3.428108569390e-01  9.999845185102e-01  2.363430524369e+00  7.920421850597e+00
 6.050000000000e+01  3.372433012777e-01  9.999844060106e-01  2.323899970520e+00  7.864917251037e+00
 6.100000000000e+01  3.318591798699e-01  9.999842903854e-01  2.285136621401e+00  7.808847298196e+00
 6.150000000000e+01  3.266536214586e-01  9.999841716513e-01  2.247136938243e+00  7.752263668538e+00
 6.200000000000e+01  3.216219282165e-01  9.999840498243e-01  2.209896877027e+00  7.695216595608e+00
 6.250000000000e+01  3.167595609601e-01  9.999839249192e-01  2.173411965425e+00  7.637754844686e+00
 6.300000000000e+01  3.120621397796e-01  9.999837969500e-01  2.137677297724e+00  7.579925761816e+00
 6.350000000000e+01  3.075254309516e-01  9.999836659300e-01  2.102687604666e+00  7.521775257425e+00
 6.400000000000e+01  3.031453474475e-01  9.999835318721e-01  2.068437247841e+00  7.463347853574e+00
 6.450000000000e+01  2.989179368985e-01  9.999833947884e-01  2.034920284046e+00  7.404686673344e+00
 6.500000000000e+01  2.948393822152e-01  9.999832546909e-01  2.002130458555e+00  7.345833486814e+00
 6.550000000000e+01  2.909059905105e-01  9.999831115913e-01  1.970061264454e+00  7.286828706069e+00
 6.600000000000e+01  2.871141936039e-01  9.999829655007e-01  1.938705935192e+00  7.227711428317e+00
 6.650000000000e+01  2.834605380319e-01  9.999828164303e-01  1.908057498841e+00  7.168519437138e+00
 6.700000000000e+01  2.799416852720e-01  9.999826643912e-01  1.878108770466e+00  7.109289241921e+00
 6.750000000000e+01  2.765544027954e-01  9.999825093945e-01  1.848852401351e+00  7.050056084798e+00
 6.800000000000e+01  2.732955640612e-01  9.999823514518e-01  1.820280871515e+00  6.990853977009e+00
 6.850000000000e+01  2.701621404404e-01  9.999821905747e-01  1.792386534145e+00  6.931715710142e+00
 6.900000000000e+01  2.671512011027e-01  9.999820267749e-01  1.765161608265e+00  6.872672890245e+00
 6.950000000000e+01  2.642599056461e-01  9.999818600647e-01  1.738598218823e+00  6.813755952336e+00
 7.000000000000e+01  2.614855039685e-01  9.999816904567e-01  1.712688389320e+00  6.754994192429e+00
 7.050000000000e+01  2.588253294845e-01  9.999815179639e-01  1.687424078067e+00  6.696415784903e+00
 7.100000000000e+01  2.562767989473e-01  9.999813426004e-01  1.662797170692e+00  6.638047812242e+00
 7.150000000000e+01  2.538374062582e-01  9.999811643807e-01  1.638799512887e+00  6.579916285015e+00
 7.200000000000e+01  2.515047221277e-01  9.999809833205e-01  1.615422903003e+00  6.522046169288e+00
 7.250000000000e+01  2.492763885087e-01  9.999807994360e-01  1.592659121354e+00  6.464461408777e+00
 7.300000000000e+01  2.471501181560e-01  9.999806127441e-01  1.570499923118e+00  6.407184950150e+00
 7.350000000000e+01  2.451236895259e-01  9.999804232628e-01  1.548937064389e+00  6.350238766808e+00
 7.400000000000e+01  2.431949463956e-01  9.999802310114e-01  1.527962295298e+00  6.293643882322e+00
 7.450000000000e+01  2.413617930682e-01  9.999800360100e-01  1.507567383221e+00  6.237420395396e+00
 7.500000000000e+01  2.396221939491e-01  9.999798382808e-01  1.487744105991e+00  6.181587501565e+00
 7.550000000000e+01  2.379741691928e-01  9.999796378473e-01  1.468484272575e+00  6.126163519035e+00
 7.600000000000e+01  2.364157940709e-01  9.999794347336e-01  1.449779716426e+00  6.071165908695e+00
 7.650000000000e+01  2.349451951163e-01  9.999792289660e-01  1.431622313770e+00  6.016611300588e+00
 7.700000000000e+01  2.335605495426e-01  9.999790205711e-01  1.414003977197e+00  5.962515512301e+00
 7.750000000000e+01  2.322600815270e-01  9.999788095770e-01  1.396916671704e+00  5.908893575830e+00
 7.800000000000e+01  2.310420618634e-01  9.999785960151e-01  1.380352408509e+00  5.855759754451e+00
 7.850000000000e+01  2.299048043252e-01  9.999783799175e-01  1.364303259100e+00  5.803127569746e+00
 7.900000000000e+01  2.288466650569e-01  9.999781613199e-01  1.348761349227e+00  5.751009817097e+00
 7.950000000000e+01  2.278660395501e-01  9.999779402599e-01  1.333718871157e+00  5.699418592624e+00
 8.000000000000e+01  2.269613616611e-01  9.999777167745e-01  1.319168077873e+00  5.648365307410e+00
 8.050000000000e+01  2.261311010262e-01  9.999774909037e-01  1.305101293656e+00  5.597860714195e+00
 8.100000000000e+01  2.253737626459e-01  9.999772626878e-01  1.291510908483e+00  5.547914920338e+00
 8.150000000000e+01  2.246878837699e-01  9.999770321686e-01  1.278389387122e+00  5.498537414204e+00
 8.200000000000e+01  2.240720339763e-01  9.999767993954e-01  1.265729263693e+00  5.449737076937e+00
 8.250000000000e+01  2.235248120494e-01  9.999765644181e-01  1.253523149440e+00  5.401522208375e+00
 8.300000000000e+01  2.230448448721e-01  9.999763272910e-01  1.241763727525e+00  5.353900537837e+00
 8.350000000000e+01  2.226307858638e-01  9.999760880723e-01  1.230443759518e+00  5.306879249354e+00
 8.400000000000e+01  2.222813132743e-01  9.999758468122e-01  1.219556080453e+00  5.260464991507e+00
 8.450000000000e+01  2.219951287828e-01  9.999756035667e-01  1.209093604160e+00  5.214663901975e+00
 8.500000000000e+01  2.217709582331e-01  9.999753583914e-01  1.199049318402e+00  5.169481616291e+00
 8.550000000000e+01  2.216075477043e-01  9.999751113419e-01  1.189416289358e+00  5.124923291808e+00
 8.600000000000e+01  2.215036649513e-01  9.999748624959e-01  1.180187656853e+00  5.080993615538e+00
 8.650000000000e+01  2.214580960664e-01  9.999746119285e-01  1.171356637986e+00  5.037696827300e+00
 8.700000000000e+01  2.214696421217e-01  9.999743597201e-01  1.162916522840e+00  4.995036727072e+00
 8.750000000000e+01  2.215371211463e-01  9.999741059581e-01  1.154860676972e+00  4.953016696942e+00
 8.800000000000e+01  2.216593650424e-01  9.999738506881e-01  1.147182537462e+00  4.911639707729e+00
 8.850000000000e+01  2.218352189681e-01  9.999735939693e-01  1.139875614693e+00  4.870908340202e+00
 8.900000000000e+01  2.220635472199e-01  9.999733358823e-01  1.132933488158e+00  4.830824790442e+00
 8.950000000000e+01  2.223432236667e-01  9.999730764957e-01  1.126349808091e+00  4.791390890751e+00
 9.000000000000e+01  2.226731327324e-01  9.999728159672e-01  1.120118291393e+00  4.752608114688e+00
 9.050000000000e+01  2.230521695192e-01  9.999725544425e-01  1.114232722511e+00  4.714477596447e+00
 9.100000000000e+01  2.234792246870e-01  9.999722919930e-01  1.108686950071e+00  4.677000136372e+00
 9.150000000000e+01  2.239531993829e-01  9.999720287285e-01  1.103474886700e+00  4.640176218411e+00
 9.200000000000e+01  2.244730101931e-01  9.999717645944e-01  1.098590505381e+00  4.604006013724e+00
 9.250000000000e+01  2.250375734427e-01  9.999714995531e-01  1.094027839694e+00  4.568489399635e+00
 9.300000000000e+01  2.256458354296e-01  9.999712339154e-01  1.089780979529e+00  4.533625961530e+00
 9.350000000000e+01  2.262967430708e-01  9.999709678794e-01  1.085844070957e+00  4.499415007704e+00
 9.400000000000e+01  2.269892428638e-01  9.999707015892e-01  1.082211314343e+00  4.465855577829e+00
 9.450000000000e+01  2.277222670891e-01  9.999704349755e-01  1.078876964321e+00  4.432946454086e+00
 9.500000000000e+01  2.284947535425e-01  9.999701681630e-01  1.075835327305e+00  4.400686168954e+00
 9.550000000000e+01  2.293056375772e-01  9.999699012933e-01  1.073080760139e+00  4.369073014933e+00
 9.600000000000e+01  2.301538715472e-01  9.999696345855e-01  1.070607666129e+00  4.338105050921e+00
 9.650000000000e+01  2.310384056867e-01  9.999693680966e-01  1.068410492655e+00  4.307780111120e+00
 9.700000000000e+01  2.319581966596e-01  9.999691019012e-01  1.066483729150e+00  4.278095812691e+00
 9.750000000000e+01  2.329121930117e-01  9.999688361076e-01  1.064821905334e+00  4.249049563246e+00
 9.800000000000e+01  2.338993438315e-01  9.999685708977e-01  1.063419591339e+00  4.220638568336e+00
 9.850000000000e+01  2.349185948445e-01  9.999683064307e-01  1.062271395283e+00  4.192859838556e+00
 9.900000000000e+01  2.359688931364e-01  9.999680427999e-01  1.061371962808e+00  4.165710196042e+00
 9.950000000000e+01  2.370491862828e-01  9.999677801032e-01  1.060715973248e+00  4.139186280559e+00
 1.000000000000e+02  2.381584210849e-01  9.999675184704e-01  1.060298138331e+00  4.113284556029e+00
 1.005000000000e+02  2.392955433248e-01  9.999672580764e-01  1.060113199500e+00  4.088001316248e+00
 1.010000000000e+02  2.404594946913e-01  9.999669990542e-01  1.060155927369e+00  4.063332690661e+00
 1.015000000000e+02  2.416492155263e-01  9.999667415206e-01  1.060421120812e+00  4.039274649840e+00
 1.020000000000e+02  2.428636433150e-01  9.999664855809e-01  1.060903605407e+00  4.015823011030e+00
 1.025000000000e+02  2.441017158507e-01  9.999662313956e-01  1.061598232729e+00  3.992973442815e+00
 1.030000000000e+02  2.453623683869e-01  9.999659791091e-01  1.062499877807e+00  3.970721470213e+00
 1.035000000000e+02  2.466445348426e-01  9.999657288685e-01  1.063603438319e+00  3.949062479526e+00
 1.040000000000e+02  2.479471462697e-01  9.999654807700e-01  1.064903832680e+00  3.927991722573e+00
 1.045000000000e+02  2.492691331565e-01  9.999652349527e-01  1.066396000056e+00  3.907504321064e+00
 1.050000000000e+02  2.506094245693e-01  9.999649915537e-01  1.068074899026e+00  3.887595270983e+00
 1.055000000000e+02  2.519669491256e-01  9.999647507374e-01  1.069935507446e+00  3.868259446470e+00
 1.060000000000e+02  2.533406338400e-01  9.999645126124e-01  1.071972821224e+00  3.849491603764e+00
 1.065000000000e+02  2.547294056707e-01  9.999642772996e-01  1.074181853601e+00  3.831286384980e+00
 1.070000000000e+02  2.561321915268e-01  9.999640449108e-01  1.076557634435e+00  3.813638321767e+00
 1.075000000000e+02  2.575479196122e-01  9.999638156089e-01  1.079095209817e+00  3.796541838677e+00
 1.080000000000e+02  2.589755182820e-01  9.999635895171e-01  1.081789642025e+00  3.779991256696e+00
 1.085000000000e+02  2.604139172651e-01  9.999633667597e-01  1.084636009048e+00  3.763980796610e+00
 1.090000000000e+02  2.618620477418e-01  9.999631474193e-01  1.087629404949e+00  3.748504582022e+00
 1.095000000000e+02  2.633188444435e-01  9.999629316297e-01  1.090764939476e+00  3.733556642522e+00
 1.100000000000e+02  2.647832450850e-01  9.999627195184e-01  1.094037738211e+00  3.719130916842e+00
 1.105000000000e+02  2.662541910605e-01  9.999625112215e-01  1.097442942712e+00  3.705221255735e+00
 1.110000000000e+02  2.677306271557e-01  9.999623068148e-01  1.100975711021e+00  3.691821424907e+00
 1.115000000000e+02  2.692115036886e-01  9.999621063889e-01  1.104631217976e+00  3.678925107857e+00
 1.120000000000e+02  2.706957773114e-01  9.999619100421e-01  1.108404655929e+00  3.666525908606e+00
 1.125000000000e+02  2.721824118957e-01  9.999617179153e-01  1.112291235396e+00  3.654617354497e+00
 1.130000000000e+02  2.736703775726e-01  9.999615301000e-01  1.116286185747e+00  3.643192898974e+00
 1.135000000000e+02  2.751586520995e-01  9.999613466684e-01  1.120384756048e+00  3.632245924266e+00
 1.140000000000e+02  2.766462221389e-01  9.999611676641e-01  1.124582216144e+00  3.621769743926e+00
 1.145000000000e+02  2.781320854828e-01  9.999609931942e-01  1.128873857743e+00  3.611757605502e+00
 1.150000000000e+02  2.796152505652e-01  9.999608233644e-01  1.133254995479e+00  3.602202693219e+00
 1.155000000000e+02  2.810947363187e-01  9.999606582626e-01  1.137720968387e+00  3.593098130655e+00
 1.160000000000e+02  2.825695728555e-01  9.999604979068e-01  1.142267141187e+00  3.584436983302e+00
 1.165000000000e+02  2.840388038044e-01  9.999603423248e-01  1.146888905685e+00  3.576212261158e+00
 1.170000000000e+02  2.855014885093e-01  9.999601915916e-01  1.151581682398e+00  3.568416921259e+00
 1.175000000000e+02  2.869567012279e-01  9.999600458151e-01  1.156340922174e+00  3.561043870495e+00
 1.180000000000e+02  2.884035306686e-01  9.999599050464e-01  1.161162107847e+00  3.554085968245e+00
 1.185000000000e+02  2.898410802480e-01  9.999597692668e-01  1.166040756043e+00  3.547536029088e+00
 1.190000000000e+02  2.912684720250e-01  9.999596384602e-01  1.170972419075e+00  3.541386825275e+00
 1.195000000000e+02  2.926848479275e-01  9.999595126942e-01  1.175952686784e+00  3.535631089556e+00
 1.200000000000e+02  2.940893697241e-01  9.999593920655e-01  1.180977188458e+00  3.530261517887e+00
