              time               pSTAT          pSTATdimer              Rdimer               mSOCS                SOCS
 0.000000000000e+00  0.000000000000e+00  0.000000000000e+00  0.000000000000e+00  0.000000000000e+00  0.000000000000e+00
 5.000000000000e-01  1.438284747092e-01  1.667887882805e-05  3.769398616634e-01  9.878969533757e-08  4.848597069954e-10
 1.000000000000e+00  4.028333009676e-01  1.252605971391e-03  4.503953032006e-01  3.384936383293e-05  3.748851873089e-07
 1.500000000000e+00  6.443524078627e-01  1.018449290978e-02  4.673923019630e-01  6.659591968033e-04  1.215362051667e-05
 2.000000000000e+00  8.607962726653e-01  3.552965161774e-02  4.686322018486e-01  4.355716748392e-03  1.153132552919e-04
 2.500000000000e+00  1.059954683425e+00  8.026067020105e-02  4.662514840466e-01  1.598135045040e-02  5.726266672991e-04
 3.000000000000e+00  1.248905583877e+00  1.410047824718e-01  4.635464350327e-01  4.134075491142e-02  1.916272356261e-03
 3.500000000000e+00  1.431901368898e+00  2.122886845924e-01  4.611573976914e-01  8.513316036128e-02  4.938345998952e-03
 4.000000000000e+00  1.611062273216e+00  2.895111270565e-01  4.591527691658e-01  1.499566377706e-01  1.060485682807e-02
 4.500000000000e+00  1.787252337201e+00  3.696472804669e-01  4.574938009503e-01  2.363705555042e-01  1.995043183423e-02
 5.000000000000e+00  1.960605947075e+00  4.509235025680e-01  4.561261087471e-01  3.434266958425e-01  3.399142995951e-02
 5.500000000000e+00  2.130804033434e+00  5.323323470705e-01  4.549991629556e-01  4.692358746266e-01  5.366767319576e-02
 6.000000000000e+00  2.297223626983e+00  6.132668542361e-01  4.540700314998e-01  6.114121681159e-01  7.980902881640e-02
 6.500000000000e+00  2.459029481174e+00  6.932965679274e-01  4.533032579037e-01  7.673800057001e-01  1.131197329355e-01
 7.000000000000e+00  2.615240188923e+00  7.720452126835e-01  4.526698293575e-01  9.345726394524e-01  1.541742414928e-01
 7.500000000000e+00  2.764782819153e+00  8.491310662850e-01  4.521460577186e-01  1.110553173581e+00  2.034201108715e-01
 8.000000000000e+00  2.906541882620e+00  9.241436326157e-01  4.517125921090e-01  1.293082163676e+00  2.611848355986e-01
 8.500000000000e+00  3.039404953733e+00  9.966405337900e-01  4.513535984726e-01  1.480149144206e+00  3.276845495566e-01
 9.000000000000e+00  3.162306095592e+00  1.066155474822e+00  4.510560952229e-01  1.669980214316e+00  4.030331982733e-01
 9.500000000000e+00  3.274267947412e+00  1.132211981006e+00  4.508094187842e-01  1.861030611591e+00  4.872512456046e-01
 1.000000000000e+01  3.374443325809e+00  1.194339956063e+00  4.506047941089e-01  2.051968675921e+00  5.802733247193e-01
 1.050000000000e+01  3.462157117787e+00  1.252093450030e+00  4.504349889029e-01  2.241655684248e+00  6.819545105180e-01
 1.100000000000e+01  3.536948858127e+00  1.305068787107e+00  4.502940337070e-01  2.429124523675e+00  7.920751377418e-01
 1.150000000000e+01  3.598615546860e+00  1.352922604029e+00  4.501769962356e-01  2.613559045126e+00  9.103442607867e-01
 1.200000000000e+01  3.647252550741e+00  1.395389450144e+00  4.500797967739e-01  2.794275187157e+00  1.036402235633e+00
 1.250000000000e+01  3.683287955266e+00  1.432298479272e+00  4.499990580102e-01  2.970704306338e+00  1.169823175410e+00
 1.300000000000e+01  3.707502534339e+00  1.463588391398e+00  4.499319821575e-01  3.142378901668e+00  1.310118486624e+00
 1.350000000000e+01  3.721023914766e+00  1.489319165267e+00  4.498762500575e-01  3.308920679047e+00  1.456743106042e+00
 1.400000000000e+01  3.725283217858e+00  1.509678535578e+00  4.498299384285e-01  3.470030684725e+00  1.609106060101e+00
 1.450000000000e+01  3.721925884218e+00  1.524980674904e+00  4.497914515396e-01  3.625481240579e+00  1.766586447835e+00
 1.500000000000e+01  3.712679772686e+00  1.535654717870e+00  4.497594650034e-01  3.775109228591e+00  1.928554425083e+00
 1.550000000000e+01  3.699200596232e+00  1.542221969798e+00  4.497328793130e-01  3.918810284861e+00  2.094394566985e+00
 1.600000000000e+01  3.682929378883e+00  1.545262944396e+00  4.497107814339e-01  4.056533442157e+00  2.263527128106e+00
 1.650000000000e+01  3.664998208680e+00  1.545378192375e+00  4.496924130269e-01  4.188275854410e+00  2.435422571767e+00
 1.700000000000e+01  3.646204584800e+00  1.543149069214e+00  4.496771441353e-01  4.314077373302e+00  2.609606837089e+00
 1.750000000000e+01  3.627047980679e+00  1.539104872739e+00  4.496644513738e-01  4.434014921820e+00  2.785658240398e+00
 1.800000000000e+01  3.607802847675e+00  1.533700991456e+00  4.496538998495e-01  4.548196748275e+00  2.963199360256e+00
 1.850000000000e+01  3.588597611565e+00  1.527309565795e+00  4.496451281670e-01  4.656756737514e+00  3.141887817599e+00
 1.900000000000e+01  3.569479211529e+00  1.520221044899e+00  4.496378359769e-01  4.759848973845e+00  3.321408574029e+00
 1.950000000000e+01  3.550455977284e+00  1.512653300610e+00  4.496317736541e-01  4.857642727936e+00  3.501468687212e+00
 2.000000000000e+01  3.531521698826e+00  1.504764353219e+00  4.496267337164e-01  4.950317984052e+00  3.681794205745e+00
 2.050000000000e+01  3.512666994771e+00  1.496665719357e+00  4.496225437029e-01  5.038061570034e+00  3.862128478016e+00
 2.100000000000e+01  3.493883661101e+00  1.488434423249e+00  4.496190602565e-01  5.121063902756e+00  4.042231206500e+00
 2.150000000000e+01  3.475165766421e+00  1.480122826443e+00  4.496161642086e-01  5.199516324012e+00  4.221877813416e+00
 2.200000000000e+01  3.456509506748e+00  1.471766145858e+00  4.496137564956e-01  5.273608976399e+00  4.400858896372e+00
 2.250000000000e+01  3.437912732258e+00  1.463387933858e+00  4.496117547645e-01  5.343529154565e+00  4.578979682582e+00
 2.300000000000e+01  3.419374469703e+00  1.455003931688e+00  4.496100905536e-01  5.409460062306e+00  4.756059458231e+00
 2.350000000000e+01  3.400894542341e+00  1.446624709418e+00  4.496087069478e-01  5.471579906797e+00  4.931930972704e+00
 2.400000000000e+01  3.382473288925e+00  1.438257437749e+00  4.496075566306e-01  5.530061267366e+00  5.106439827115e+00
 2.450000000000e+01  3.364111366117e+00  1.429907060976e+00  4.496066002656e-01  5.585070682642e+00  5.279443856500e+00
 2.500000000000e+01  3.345809612407e+00  1.421577064539e+00  4.496058051495e-01  5.636768408892e+00  5.450812514082e+00
 2.550000000000e+01  3.327568956610e+00  1.413269973090e+00  4.496051440937e-01  5.685308310419e+00  5.620426264209e+00
 2.600000000000e+01  3.309390357456e+00  1.404987672446e+00  4.496045944943e-01  5.730837849728e+00  5.788175988814e+00
 2.650000000000e+01  3.291274764615e+00  1.396731617258e+00  4.496041375585e-01  5.773498152109e+00  5.953962411051e+00
 2.700000000000e+01  3.273223094542e+00  1.388502965111e+00  4.496037576609e-01  5.813424124727e+00  6.117695536329e+00
 2.750000000000e+01  3.255236215900e+00  1.380302664176e+00  4.496034418013e-01  5.850744617754e+00  6.279294107868e+00
 2.800000000000e+01  3.237314942321e+00  1.372131506207e+00  4.496031791915e-01  5.885582594772e+00  6.438685129623e+00
 2.850000000000e+01  3.219460028484e+00  1.363990167764e+00  4.496029608618e-01  5.918055340527e+00  6.595803349861e+00
 2.900000000000e+01  3.201672169343e+00  1.355879236116e+00  4.496027793494e-01  5.948274671769e+00  6.750590790803e+00
 2.950000000000e+01  3.183952001757e+00  1.347799225965e+00  4.496026284397e-01  5.976347161919e+00  6.902996289069e+00
 3.000000000000e+01  3.166300106818e+00  1.339750590224e+00  4.496025029753e-01  6.002374342125e+00  7.052975106232e+00
 3.050000000000e+01  3.148717012738e+00  1.331733730568e+00  4.496023986654e-01  6.026452928359e+00  7.200488501061e+00
 3.100000000000e+01  3.131203197896e+00  1.323749004251e+00  4.496023119433e-01  6.048675027140e+00  7.345503359063e+00
 3.150000000000e+01  3.113759094296e+00  1.315796729529e+00  4.496022398439e-01  6.069128342397e+00  7.487991828320e+00
 3.200000000000e+01  3.096385090853e+00  1.307877190221e+00  4.496021799003e-01  6.087896380303e+00  7.627930968583e+00
 3.250000000000e+01  3.079081536156e+00  1.299990639254e+00  4.496021300643e-01  6.105058634557e+00  7.765302444885e+00
 3.300000000000e+01  3.061848741961e+00  1.292137301971e+00  4.496020886308e-01  6.120690783955e+00  7.900092198886e+00
 3.350000000000e+01  3.044686985858e+00  1.284317378689e+00  4.496020541835e-01  6.134864860061e+00  8.032290176242e+00
 3.400000000000e+01  3.027596513616e+00  1.276531047200e+00  4.496020255444e-01  6.147649428879e+00  8.161890040520e+00
 3.450000000000e+01  3.010577541933e+00  1.268778464762e+00  4.496020017341e-01  6.159109750306e+00  8.288888918784e+00
 3.500000000000e+01  2.993630260471e+00  1.261059769958e+00  4.496019819386e-01  6.169307936313e+00  8.413287157025e+00
 3.550000000000e+01  2.976754833978e+00  1.253375084380e+00  4.496019654806e-01  6.178303104883e+00  8.535088083449e+00
 3.600000000000e+01  2.959951404097e+00  1.245724514018e+00  4.496019517976e-01  6.186151517519e+00  8.654297799530e+00
 3.650000000000e+01  2.943220090986e+00  1.238108150647e+00  4.496019404217e-01  6.192906724498e+00  8.770924963308e+00
 3.700000000000e+01  2.926560995072e+00  1.230526072922e+00  4.496019309639e-01  6.198619687158e+00  8.884980605672e+00
 3.750000000000e+01  2.909974198428e+00  1.222978347518e+00  4.496019231008e-01  6.203338908781e+00  8.996477938953e+00
 3.800000000000e+01  2.893459765938e+00  1.215465030030e+00  4.496019165638e-01  6.207110548622e+00  9.105432192122e+00
 3.850000000000e+01  2.877017746741e+00  1.207986165919e+00  4.496019111287e-01  6.209978545054e+00  9.211860432942e+00
 3.900000000000e+01  2.860648175131e+00  1.200541791220e+00  4.496019066097e-01  6.211984714683e+00  9.315781428437e+00
 3.950000000000e+01  2.844351071628e+00  1.193131933268e+00  4.496019028528e-01  6.213168857276e+00  9.417215497215e+00
 4.000000000000e+01  2.828126443809e+00  1.185756611286e+00  4.496018997293e-01  6.213568844795e+00  9.516184386152e+00
 4.050000000000e+01  2.811974287253e+00  1.178415837052e+00  4.496018971326e-01  6.213220726010e+00  9.612711126724e+00
 4.100000000000e+01  2.795894586319e+00  1.171109615424e+00  4.496018949736e-01  6.212158815302e+00  9.706819915063e+00
 4.150000000000e+01  2.779887314969e+00  1.163837944901e+00  4.496018931780e-01  6.210415791252e+00  9.798535981096e+00
 4.200000000000e+01  2.763952437111e+00  1.156600817846e+00  4.496018916848e-01  6.208022739080e+00  9.887885533111e+00
 4.250000000000e+01  2.748089907293e+00  1.149398220963e+00  4.496018904434e-01  6.205009237875e+00  9.974895643799e+00
 4.300000000000e+01  2.732299671401e+00  1.142230135755e+00  4.496018894114e-01  6.201403449689e+00  1.005959413538e+01
 4.350000000000e+01  2.716581667142e+00  1.135096538853e+00  4.496018885538e-01  6.197232186728e+00  1.014200949517e+01
 4.400000000000e+01  2.700935824544e+00  1.127997402335e+00  4.496018878409e-01  6.192520979772e+00  1.022217079100e+01
 4.450000000000e+01  2.685362066270e+00  1.120932693932e+00  4.496018872484e-01  6.187294124671e+00  1.030010761473e+01
 4.500000000000e+01  2.669860308135e+00  1.113902377366e+00  4.496018867559e-01  6.181574756681e+00  1.037584999243e+01
 4.550000000000e+01  2.654430459456e+00  1.106906412557e+00  4.496018863463e-01  6.175384902532e+00  1.044942832366e+01
 4.600000000000e+01  2.639072423378e+00  1.099944755855e+00  4.496018860060e-01  6.168745533179e+00  1.052087332026e+01
 4.650000000000e+01  2.623786097257e+00  1.093017360250e+00  4.496018857228e-01  6.161676617700e+00  1.059021594494e+01
 4.700000000000e+01  2.608571372890e+00  1.086124175549e+00  4.496018854871e-01  6.154197167483e+00  1.065748736215e+01
 4.750000000000e+01  2.593428136818e+00  1.079265148559e+00  4.496018852912e-01  6.146325283231e+00  1.072271888622e+01
 4.800000000000e+01  2.578356270631e+00  1.072440223279e+00  4.496018851281e-01  6.138078207194e+00  1.078594192543e+01
 4.850000000000e+01  2.563355651168e+00  1.065649341031e+00  4.496018849936e-01  6.129472359701e+00  1.084718794447e+01
 4.900000000000e+01  2.548426150815e+00  1.058892440604e+00  4.496018848820e-01  6.120523379440e+00  1.090648842306e+01
 4.950000000000e+01  2.533567637700e+00  1.052169458400e+00  4.496018847888e-01  6.111246165026e+00  1.096387481477e+01
 5.000000000000e+01  2.518779975817e+00  1.045480328513e+00  4.496018847109e-01  6.101654899034e+00  1.101937852383e+01
 5.050000000000e+01  2.504063025298e+00  1.038824982906e+00  4.496018846458e-01  6.091763098632e+00  1.107303085645e+01
 5.100000000000e+01  2.489416642570e+00  1.032203351490e+00  4.496018845914e-01  6.081583641392e+00  1.112486299797e+01
 5.150000000000e+01  2.474840680517e+00  1.025615362229e+00  4.496018845463e-01  6.071128796589e+00  1.117490598494e+01
 5.200000000000e+01  2.460334988660e+00  1.019060941234e+00  4.496018845087e-01  6.060410256917e+00  1.122319067786e+01
 5.250000000000e+01  2.445899413269e+00  1.012540012838e+00  4.496018844775e-01  6.049439160559e+00  1.126974774299e+01
 5.300000000000e+01  2.431533797535e+00  1.006052499698e+00  4.496018844518e-01  6.038226124489e+00  1.131460762502e+01
 5.350000000000e+01  2.417237981700e+00  9.995983228732e-01  4.496018844309e-01  6.026781269714e+00  1.135780052797e+01
 5.400000000000e+01  2.403011803174e+00  9.931774018946e-01  4.496018844136e-01  6.015114244058e+00  1.139935639843e+01
 5.450000000000e+01  2.388855096657e+00  9.867896548357e-01  4.496018843991e-01  6.003234246134e+00  1.143930490867e+01
 5.500000000000e+01  2.374767694244e+00  9.804349983743e-01  4.496018843868e-01  5.991150046095e+00  1.147767544261e+01
 5.550000000000e+01  2.360749425529e+00  9.741133478503e-01  4.496018843765e-01  5.978870005234e+00  1.151449708311e+01
 5.600000000000e+01  2.346800117730e+00  9.678246173388e-01  4.496018843679e-01  5.966402100805e+00  1.154979859664e+01
 5.650000000000e+01  2.332919595754e+00  9.615687196966e-01  4.496018843611e-01  5.953753942177e+00  1.158360842443e+01
 5.700000000000e+01  2.319107682340e+00  9.553455666155e-01  4.496018843552e-01  5.940932788977e+00  1.161595467284e+01
 5.750000000000e+01  2.305364198089e+00  9.491550686767e-01  4.496018843503e-01  5.927945569735e+00  1.164686510389e+01
 5.800000000000e+01  2.291688961550e+00  9.429971353825e-01  4.496018843459e-01  5.914798893068e+00  1.167636713041e+01
 5.850000000000e+01  2.278081789321e+00  9.368716752201e-01  4.496018843419e-01  5.901499069796e+00  1.170448780603e+01
 5.900000000000e+01  2.264542496096e+00  9.307785956962e-01  4.496018843386e-01  5.888052125135e+00  1.173125382096e+01
 5.950000000000e+01  2.251070894766e+00  9.247178033744e-01  4.496018843360e-01  5.874463812601e+00  1.175669149740e+01
 6.000000000000e+01  2.237666796516e+00  9.186892039180e-01  4.496018843344e-01  5.860739628209e+00  1.178082678529e+01
 6.050000000000e+01  2.224330010853e+00  9.126927021197e-01  4.496018843329e-01  5.846884820791e+00  1.180368525976e+01
 6.100000000000e+01  2.211060345679e+00  9.067282019442e-01  4.496018843310e-01  5.832904406278e+00  1.182529211770e+01
 6.150000000000e+01  2.197857607335e+00  9.007956065646e-01  4.496018843293e-01  5.818803179627e+00  1.184567217597e+01
 6.200000000000e+01  2.184721600659e+00  8.948948183915e-01  4.496018843287e-01  5.804585724888e+00  1.186484987031e+01
 6.250000000000e+01  2.171652129048e+00  8.890257391036e-01  4.496018843279e-01  5.790256425892e+00  1.188284925460e+01
 6.300000000000e+01  2.158648994509e+00  8.831882696752e-01  4.496018843270e-01  5.775819475983e+00  1.189969400066e+01
 6.350000000000e+01  2.145711997713e+00  8.773823103997e-01  4.496018843260e-01  5.761278886117e+00  1.191540739844e+01
 6.400000000000e+01  2.132840938054e+00  8.716077609238e-01  4.496018843259e-01  5.746638496579e+00  1.193001235666e+01
 6.450000000000e+01  2.120035613696e+00  8.658645202711e-01  4.496018843261e-01  5.731901984069e+00  1.194353140408e+01
 6.500000000000e+01  2.107295821605e+00  8.601524868679e-01  4.496018843257e-01  5.717072869845e+00  1.195598669096e+01
 6.550000000000e+01  2.094621357602e+00  8.544715585679e-01  4.496018843257e-01  5.702154528054e+00  1.196739999110e+01
 6.600000000000e+01  2.082012016382e+00  8.488216326626e-01  4.496018843260e-01  5.687150188721e+00  1.197779270275e+01
 6.650000000000e+01  2.069467591605e+00  8.432026059310e-01  4.496018843260e-01  5.672062953619e+00  1.198718585345e+01
 6.700000000000e+01  2.056987875896e+00  8.376143746409e-01  4.496018843267e-01  5.656895796930e+00  1.199560010142e+01
 6.750000000000e+01  2.044572660907e+00  8.320568345709e-01  4.496018843272e-01  5.641651571562e+00  1.200305573852e+01
 6.800000000000e+01  2.032221737336e+00  8.265298810332e-01  4.496018843268e-01  5.626333015709e+00  1.200957269357e+01
 6.850000000000e+01  2.019934894959e+00  8.210334088933e-01  4.496018843264e-01  5.610942759057e+00  1.201517053595e+01
 6.900000000000e+01  2.007711922682e+00  8.155673125880e-01  4.496018843263e-01  5.595483328301e+00  1.201986847925e+01
 6.950000000000e+01  1.995552608585e+00  8.101314861515e-01  4.496018843264e-01  5.579957154192e+00  1.202368538684e+01
 7.000000000000e+01  1.983456739923e+00  8.047258232136e-01  4.496018843265e-01  5.564366571132e+00  1.202663977161e+01
 7.050000000000e+01  1.971424103171e+00  7.993502170292e-01  4.496018843264e-01  5.548713825277e+00  1.202874980266e+01
 7.100000000000e+01  1.959454484078e+00  7.940045605035e-01  4.496018843263e-01  5.533001081171e+00  1.203003331165e+01
 7.150000000000e+01  1.947547667629e+00  7.886887461720e-01  4.496018843261e-01  5.517230416487e+00  1.203050778842e+01
 7.200000000000e+01  1.935703438176e+00  7.834026662707e-01  4.496018843260e-01  5.501403840766e+00  1.203019039853e+01
 7.250000000000e+01  1.923921579482e+00  7.781462127549e-01  4.496018843257e-01  5.485523299472e+00  1.202909799191e+01
 7.300000000000e+01  1.912201874563e+00  7.729192772223e-01  4.496018843255e-01  5.469590654607e+00  1.202724707843e+01
 7.350000000000e+01  1.900544105805e+00  7.677217509687e-01  4.496018843254e-01  5.453607698546e+00  1.202465384556e+01
 7.400000000000e+01  1.888948055302e+00  7.625535251655e-01  4.496018843252e-01  5.437576198280e+00  1.202133421356e+01
 7.450000000000e+01  1.877413504115e+00  7.574144904769e-01  4.496018843251e-01  5.421497800228e+00  1.201730371604e+01
 7.500000000000e+01  1.865940233168e+00  7.523045375231e-01  4.496018843251e-01  5.405374143593e+00  1.201257764723e+01
 7.550000000000e+01  1.854528022824e+00  7.472235566605e-01  4.496018843250e-01  5.389206807056e+00  1.200717099121e+01
 7.600000000000e+01  1.843176652681e+00  7.421714378747e-01  4.496018843250e-01  5.372997282920e+00  1.200109838800e+01
 7.650000000000e+01  1.831885902713e+00  7.371480713693e-01  4.496018843250e-01  5.356747112183e+00  1.199437433837e+01
 7.700000000000e+01  1.820655551624e+00  7.321533467206e-01  4.496018843251e-01  5.340457693199e+00  1.198701290349e+01
 7.750000000000e+01  1.809485377812e+00  7.271871533709e-01  4.496018843251e-01  5.324130392955e+00  1.197902788144e+01
 7.800000000000e+01  1.798375159190e+00  7.222493805382e-01  4.496018843251e-01  5.307766526122e+00  1.197043277555e+01
 7.850000000000e+01  1.787324674662e+00  7.173399179705e-01  4.496018843251e-01  5.291367514491e+00  1.196124108156e+01
 7.900000000000e+01  1.776333701062e+00  7.124586543786e-01  4.496018843250e-01  5.274934555323e+00  1.195146569216e+01
 7.950000000000e+01  1.765402015336e+00  7.076054785561e-01  4.496018843250e-01  5.258468858027e+00  1.194111932293e+01
 8.000000000000e+01  1.754529394054e+00  7.027802791242e-01  4.496018843250e-01  5.241971589846e+00  1.193021441620e+01
 8.050000000000e+01  1.743715614917e+00  6.979829453062e-01  4.496018843249e-01  5.225444031338e+00  1.191876344634e+01
 8.100000000000e+01  1.732960453652e+00  6.932133653402e-01  4.496018843249e-01  5.208887256966e+00  1.190677829461e+01
 8.150000000000e+01  1.722263686290e+00  6.884714276400e-01  4.496018843249e-01  5.192302368530e+00  1.189427070723e+01
 8.200000000000e+01  1.711625088627e+00  6.837570205232e-01  4.496018843249e-01  5.175690439794e+00  1.188125218855e+01
 8.250000000000e+01  1.701044436861e+00  6.790700325214e-01  4.496018843248e-01  5.159052567830e+00  1.186773414280e+01
 8.300000000000e+01  1.690521506353e+00  6.744103517744e-01  4.496018843248e-01  5.142389773273e+00  1.185372759741e+01
 8.350000000000e+01  1.680056072563e+00  6.697778664877e-01  4.496018843248e-01  5.125703075829e+00  1.183924341165e+01
 8.400000000000e+01  1.669647910839e+00  6.651724648312e-01  4.496018843249e-01  5.108993477211e+00  1.182429223048e+01
 8.450000000000e+01  1.659296796223e+00  6.605940348251e-01  4.496018843249e-01  5.092261920271e+00  1.180888446058e+01
 8.500000000000e+01  1.649002503914e+00  6.560424646036e-01  4.496018843249e-01  5.075509377159e+00  1.179303033410e+01
 8.550000000000e+01  1.638764808971e+00  6.515176422428e-01  4.496018843249e-01  5.058736788542e+00  1.177673987119e+01
 8.600000000000e+01  1.628583486409e+00  6.470194558150e-01  4.496018843250e-01  5.041945080141e+00  1.176002289470e+01
 8.650000000000e+01  1.618458310866e+00  6.425477932180e-01  4.496018843250e-01  5.025135114159e+00  1.174288896966e+01
 8.700000000000e+01  1.608389057327e+00  6.381025425444e-01  4.496018843250e-01  5.008307790359e+00  1.172534753811e+01
 8.750000000000e+01  1.598375500635e+00  6.336835918310e-01  4.496018843250e-01  4.991463975181e+00  1.170740782944e+01
 8.800000000000e+01  1.588417415630e+00  6.292908291309e-01  4.496018843250e-01  4.974604520475e+00  1.168907888772e+01
 8.850000000000e+01  1.578514577085e+00  6.249241424866e-01  4.496018843250e-01  4.957730251679e+00  1.167036955665e+01
 8.900000000000e+01  1.568666759886e+00  6.205834200071e-01  4.496018843250e-01  4.940841993775e+00  1.165128852118e+01
 8.950000000000e+01  1.558873738927e+00  6.162685498261e-01  4.496018843250e-01  4.923940554027e+00  1.163184428436e+01
 9.000000000000e+01  1.549135289160e+00  6.119794201215e-01  4.496018843250e-01  4.907026727210e+00  1.161204517783e+01
 9.050000000000e+01  1.539451185671e+00  6.077159191549e-01  4.496018843250e-01  4.890101300738e+00  1.159189937439e+01
 9.100000000000e+01  1.529821203571e+00  6.034779352175e-01  4.496018843250e-01  4.873165046840e+00  1.157141487476e+01
 9.150000000000e+01  1.520245118100e+00  5.992653566819e-01  4.496018843250e-01  4.856218729452e+00  1.155059952363e+01
 9.200000000000e+01  1.510722704623e+00  5.950780719995e-01  4.496018843250e-01  4.839263103540e+00  1.152946101063e+01
 9.250000000000e+01  1.501253738633e+00  5.909159696892e-01  4.496018843250e-01  4.822298908686e+00  1.150800686705e+01
 9.300000000000e+01  1.491837995790e+00  5.867789383823e-01  4.496018843250e-01  4.805326883807e+00  1.148624448366e+01
 9.350000000000e+01  1.482475251924e+00  5.826668668049e-01  4.496018843250e-01  4.788347758144e+00  1.146418110483e+01
 9.400000000000e+01  1.473165283053e+00  5.785796437908e-01  4.496018843250e-01  4.771362254192e+00  1.144182383460e+01
 9.450000000000e+01  1.463907865275e+00  5.745171582229e-01  4.496018843250e-01  4.754371070430e+00  1.141917961197e+01
 9.500000000000e+01  1.454702775019e+00  5.704792991692e-01  4.496018843250e-01  4.737374916590e+00  1.139625526948e+01
 9.550000000000e+01  1.445549788903e+00  5.664659558018e-01  4.496018843250e-01  4.720374490477e+00  1.137305749921e+01
 9.600000000000e+01  1.436448683776e+00  5.624770174226e-01  4.496018843250e-01  4.703370483499e+00  1.134959286422e+01
 9.650000000000e+01  1.427399236620e+00  5.585123734156e-01  4.496018843250e-01  4.686363567455e+00  1.132586777288e+01
 9.700000000000e+01  1.418401224792e+00  5.545719133595e-01  4.496018843250e-01  4.669354421578e+00  1.130188853860e+01
 9.750000000000e+01  1.409454425879e+00  5.506555269630e-01  4.496018843250e-01  4.652343715025e+00  1.127766134514e+01
 9.800000000000e+01  1.400558617748e+00  5.467631040850e-01  4.496018843250e-01  4.635332110695e+00  1.125319225722e+01
 9.850000000000e+01  1.391713578499e+00  5.428945347168e-01  4.496018843250e-01  4.618320261361e+00  1.122848720529e+01
 9.900000000000e+01  1.382919086588e+00  5.390497090360e-01  4.496018843250e-01  4.601308818468e+00  1.120355202431e+01
 9.950000000000e+01  1.374174920769e+00  5.352285173809e-01  4.496018843250e-01  4.584298426806e+00  1.117839243322e+01
 1.000000000000e+02  1.365480860121e+00  5.314308502624e-01  4.496018843250e-01  4.567289725767e+00  1.115301404196e+01
 1.005000000000e+02  1.356836684024e+00  5.276565983508e-01  4.496018843250e-01  4.550283348709e+00  1.112742234207e+01
 1.010000000000e+02  1.348242172236e+00  5.239056525183e-01  4.496018843250e-01  4.533279925113e+00  1.110162273349e+01
 1.015000000000e+02  1.339697104866e+00  5.201779038208e-01  4.496018843250e-01  4.516280079596e+00  1.107562051184e+01
 1.020000000000e+02  1.331201262389e+00  5.164732435079e-01  4.496018843250e-01  4.499284432347e+00  1.104942087364e+01
 1.025000000000e+02  1.322754425619e+00  5.127915629999e-01  4.496018843250e-01  4.482293596040e+00  1.102302890516e+01
 1.030000000000e+02  1.314356375799e+00  5.091327539468e-01  4.496018843250e-01  4.465308182233e+00  1.099644961137e+01
 1.035000000000e+02  1.306006894561e+00  5.054967082004e-01  4.496018843250e-01  4.448328797704e+00  1.096968790202e+01
 1.040000000000e+02  1.297705763948e+00  5.018833178237e-01  4.496018843250e-01  4.431356045186e+00  1.094274859642e+01
 1.045000000000e+02  1.289452766365e+00  4.982924750691e-01  4.496018843250e-01  4.414390518470e+00  1.091563640984e+01
 1.050000000000e+02  1.281247684699e+00  4.947240724357e-01  4.496018843250e-01  4.397432812104e+00  1.088835598647e+01
 1.055000000000e+02  1.273090302263e+00  4.911780026428e-01  4.496018843250e-01  4.380483515715e+00  1.086091188306e+01
 1.060000000000e+02  1.264980402815e+00  4.876541586376e-01  4.496018843250e-01  4.363543214819e+00  1.083330857346e+01
 1.065000000000e+02  1.256917770509e+00  4.841524335797e-01  4.496018843250e-01  4.346612487792e+00  1.080555043583e+01
 1.070000000000e+02  1.248902190016e+00  4.806727208864e-01  4.496018843250e-01  4.329691912144e+00  1.077764178348e+01
 1.075000000000e+02  1.240933446472e+00  4.772149142129e-01  4.496018843250e-01  4.312782060946e+00  1.074958684998e+01
 1.080000000000e+02  1.233011325486e+00  4.737789074595e-01  4.496018843250e-01  4.295883503241e+00  1.072138979281e+01
 1.085000000000e+02  1.225135613108e+00  4.703645947516e-01  4.496018843250e-01  4.278996803352e+00  1.069305468327e+01
 1.090000000000e+02  1.217306095928e+00  4.669718704899e-01  4.496018843250e-01  4.262122522696e+00  1.066458553177e+01
 1.095000000000e+02  1.209522561033e+00  4.636006293280e-01  4.496018843250e-01  4.245261218847e+00  1.063598627633e+01
 1.100000000000e+02  1.201784796017e+00  4.602507661789e-01  4.496018843250e-01  4.228413445653e+00  1.060726078535e+01
 1.105000000000e+02  1.194092588965e+00  4.569221761913e-01  4.496018843250e-01  4.211579752510e+00  1.057841284928e+01
 1.110000000000e+02  1.186445728514e+00  4.536147548050e-01  4.496018843250e-01  4.194760685926e+00  1.054944620188e+01
 1.115000000000e+02  1.178844003832e+00  4.503283977265e-01  4.496018843250e-01  4.177956788731e+00  1.052036451117e+01
 1.120000000000e+02  1.171287204631e+00  4.470630009331e-01  4.496018843250e-01  4.161168600153e+00  1.049117138150e+01
 1.125000000000e+02  1.163775121136e+00  4.438184606600e-01  4.496018843250e-01  4.144396653957e+00  1.046187034562e+01
 1.130000000000e+02  1.156307544160e+00  4.405946734374e-01  4.496018843250e-01  4.127641481901e+00  1.043246488452e+01
 1.135000000000e+02  1.148884265074e+00  4.373915360764e-01  4.496018843250e-01  4.110903611922e+00  1.040295841924e+01
 1.140000000000e+02  1.141505075821e+00  4.342089456720e-01  4.496018843250e-01  4.094183568160e+00  1.037335431249e+01
 1.145000000000e+02  1.134169768875e+00  4.310467996047e-01  4.496018843250e-01  4.077481870629e+00  1.034365586460e+01
 1.150000000000e+02  1.126878137312e+00  4.279049955490e-01  4.496018843250e-01  4.060799035890e+00  1.031386632324e+01
 1.155000000000e+02  1.119629974787e+00  4.247834314741e-01  4.496018843251e-01  4.044135576778e+00  1.028398888141e+01
 1.160000000000e+02  1.112425075538e+00  4.216820056360e-01  4.496018843251e-01  4.027492002861e+00  1.025402667733e+01
 1.165000000000e+02  1.105263234396e+00  4.186006165910e-01  4.496018843251e-01  4.010868820005e+00  1.022398279680e+01
 1.170000000000e+02  1.098144246808e+00  4.155391631930e-01  4.496018843250e-01  3.994266530059e+00  1.019386027470e+01
 1.175000000000e+02  1.091067908836e+00  4.124975445983e-01  4.496018843250e-01  3.977685631029e+00  1.016366209592e+01
 1.180000000000e+02  1.084034017148e+00  4.094756602715e-01  4.496018843250e-01  3.961126617054e+00  1.013339119632e+01
 1.185000000000e+02  1.077042369025e+00  4.064734099852e-01  4.496018843250e-01  3.944589978743e+00  1.010305046353e+01
 1.190000000000e+02  1.070092762369e+00  4.034906938239e-01  4.496018843250e-01  3.928076203001e+00  1.007264273805e+01
 1.195000000000e+02  1.063184995715e+00  4.005274121840e-01  4.496018843250e-01  3.911585773104e+00  1.004217081398e+01
 1.200000000000e+02  1.056318868229e+00  3.975834657741e-01  4.496018843250e-01  3.895119168286e+00  1.001163744028e+01
