              time               pSTAT               LRtot               mSOCS                SOCS
 0.000000000000e+00  0.000000000000e+00  0.000000000000e+00  0.000000000000e+00  0.000000000000e+00
 5.000000000000e-01  2.340399250367e-01  9.796885549574e-01  4.492196579925e-04  3.842859512401e-06
 1.000000000000e+00  5.284466773729e-01  9.889266465498e-01  9.043212953640e-03  1.740531071774e-04
 1.500000000000e+00  7.709629367467e-01  9.890231102597e-01  4.062247478431e-02  1.282449606125e-03
 2.000000000000e+00  9.878742340622e-01  9.890241233186e-01  1.039790976029e-01  4.706675310424e-03
 2.500000000000e+00  1.190692669854e+00  9.890241342174e-01  2.001680452796e-01  1.204009445877e-02
 3.000000000000e+00  1.383269138949e+00  9.890241343761e-01  3.258777870743e-01  2.479270821792e-02
 3.500000000000e+00  1.566401081499e+00  9.890241343836e-01  4.761399826266e-01  4.425390559120e-02
 4.000000000000e+00  1.739642102192e+00  9.890241343825e-01  6.457657645545e-01  7.145538315631e-02
 4.500000000000e+00  1.902024187546e+00  9.890241343832e-01  8.299704802435e-01  1.071806466928e-01
 5.000000000000e+00  2.052369689501e+00  9.890241343831e-01  1.024585820457e+00  1.519917297994e-01
 5.500000000000e+00  2.189447195052e+00  9.890241343828e-01  1.226083614223e+00  2.062594632190e-01
 6.000000000000e+00  2.312065211044e+00  9.890241343830e-01  1.431522042393e+00  2.701916623058e-01
 6.500000000000e+00  2.419138718707e+00  9.890241343830e-01  1.638466325230e+00  3.438572593768e-01
 7.000000000000e+00  2.509742336182e+00  9.890241343830e-01  1.844907284402e+00  4.272059907994e-01
 7.500000000000e+00  2.583156245475e+00  9.890241343830e-01  2.049187212467e+00  5.200838813297e-01
 8.000000000000e+00  2.638908353030e+00  9.890241343830e-01  2.249935927994e+00  6.222450202298e-01
 8.500000000000e+00  2.676814695128e+00  9.890241343830e-01  2.446017562852e+00  7.333600299588e-01
 9.000000000000e+00  2.697019030750e+00  9.890241343830e-01  2.636486982807e+00  8.530219037046e-01
 9.500000000000e+00  2.700030438352e+00  9.890241343830e-01  2.820554571222e+00  9.807499543635e-01
 1.000000000000e+01  2.686754923101e+00  9.890241343830e-01  2.997558611379e+00  1.115992766920e+00
 1.050000000000e+01  2.658512857599e+00  9.890241343830e-01  3.166944361833e+00  1.258131597266e+00
 1.100000000000e+01  2.617030547646e+00  9.890241343830e-01  3.328249042610e+00  1.406485939209e+00
 1.150000000000e+01  2.564391276031e+00  9.890241343830e-01  3.481092412480e+00  1.560323216853e+00
 1.200000000000e+01  2.502934107622e+00  9.890241343830e-01  3.625172119312e+00  1.718874188137e+00
 1.250000000000e+01  2.435099825169e+00  9.890241343830e-01  3.760262887700e+00  1.881354269883e+00
 1.300000000000e+01  2.363242601118e+00  9.890241343830e-01  3.886218023358e+00  2.046988736596e+00
 1.350000000000e+01  2.289445818589e+00  9.890241343830e-01  4.002971318586e+00  2.215037430750e+00
 1.400000000000e+01  2.215387868637e+00  9.890241343830e-01  4.110537259272e+00  2.384813761102e+00
 1.450000000000e+01  2.142289437355e+00  9.890241343830e-01  4.209007902609e+00  2.555694366364e+00
 1.500000000000e+01  2.070943352954e+00  9.890241343830e-01  4.298545736148e+00  2.727119245223e+00
 1.550000000000e+01  2.001799787831e+00  9.890241343830e-01  4.379373024826e+00  2.898585304890e+00
 1.600000000000e+01  1.935069030697e+00  9.890241343830e-01  4.451759072349e+00  3.069637442634e+00
 1.650000000000e+01  1.870812385454e+00  9.890241343830e-01  4.516007146259e+00  3.239860349469e+00
 1.700000000000e+01  1.809008074552e+00  9.890241343830e-01  4.572442547893e+00  3.408872451744e+00
 1.750000000000e+01  1.749592413418e+00  9.890241343830e-01  4.621402709066e+00  3.576321983784e+00
 1.800000000000e+01  1.692482719903e+00  9.890241343830e-01  4.663229581643e+00  3.741884556731e+00
 1.850000000000e+01  1.637589018589e+00  9.890241343830e-01  4.698264148347e+00  3.905261554818e+00
 1.900000000000e+01  1.584819719914e+00  9.890241343830e-01  4.726842667592e+00  4.066178902296e+00
 1.950000000000e+01  1.534084323880e+00  9.890241343830e-01  4.749294221901e+00  4.224385964214e+00
 2.000000000000e+01  1.485294726280e+00  9.890241343830e-01  4.765939190480e+00  4.379654484338e+00
 2.050000000000e+01  1.438365834918e+00  9.890241343830e-01  4.777088351415e+00  4.531777533495e+00
 2.100000000000e+01  1.393215918175e+00  9.890241343830e-01  4.783042399875e+00  4.680568469938e+00
 2.150000000000e+01  1.349766657148e+00  9.890241343830e-01  4.784091736956e+00  4.825859916829e+00
 2.200000000000e+01  1.307943202412e+00  9.890241343830e-01  4.780516431286e+00  4.967502764004e+00
 2.250000000000e+01  1.267674145063e+00  9.890241343830e-01  4.772586289156e+00  5.105365199004e+00
 2.300000000000e+01  1.228891386678e+00  9.890241343830e-01  4.760560993182e+00  5.239331767914e+00
 2.350000000000e+01  1.191530061227e+00  9.890241343830e-01  4.744690282229e+00  5.369302471573e+00
 2.400000000000e+01  1.155528404559e+00  9.890241343830e-01  4.725214157666e+00  5.495191887577e+00
 2.450000000000e+01  1.120827628102e+00  9.890241343830e-01  4.702363099105e+00  5.616928344470e+00
 2.500000000000e+01  1.087371796214e+00  9.890241343830e-01  4.676358291271e+00  5.734453116288e+00
 2.550000000000e+01  1.055107688151e+00  9.890241343830e-01  4.647411860759e+00  5.847719628255e+00
 2.600000000000e+01  1.023984672590e+00  9.890241343830e-01  4.615727106912e+00  5.956692722647e+00
 2.650000000000e+01  9.939545825773e-01  9.890241343830e-01  4.581498735363e+00  6.061347945494e+00
 2.700000000000e+01  9.649715900963e-01  9.890241343830e-01  4.544913097905e+00  6.161670842703e+00
 2.750000000000e+01  9.369920972245e-01  9.890241343830e-01  4.506148408413e+00  6.257656350146e+00
 2.800000000000e+01  9.099746246957e-01  9.890241343830e-01  4.465374970319e+00  6.349308173234e+00
 2.850000000000e+01  8.838796919960e-01  9.890241343830e-01  4.422755429903e+00  6.436638119033e+00
 2.900000000000e+01  8.586697136870e-01  9.890241343830e-01  4.378445004337e+00  6.519665523593e+00
 2.950000000000e+01  8.343089092783e-01  9.890241343830e-01  4.332591691888e+00  6.598416746704e+00
 3.000000000000e+01  8.107632094716e-01  9.890241343830e-01  4.285336492255e+00  6.672924654955e+00
 3.050000000000e+01  7.880001651399e-01  9.890241343830e-01  4.236813635409e+00  6.743228101384e+00
 3.100000000000e+01  7.659888623047e-01  9.890241343830e-01  4.187150804406e+00  6.809371441425e+00
 3.150000000000e+01  7.446998375032e-01  9.890241343830e-01  4.136469350974e+00  6.871404083313e+00
 3.200000000000e+01  7.241050051490e-01  9.890241343829e-01  4.084884507945e+00  6.929380061731e+00
 3.250000000000e+01  7.041775867616e-01  9.890241343829e-01  4.032505601539e+00  6.983357624495e+00
 3.300000000000e+01  6.848920557166e-01  9.890241343829e-01  3.979436261515e+00  7.033398837557e+00
 3.350000000000e+01  6.662240298494e-01  9.890241343830e-01  3.925774626672e+00  7.079569216784e+00
 3.400000000000e+01  6.481502542291e-01  9.890241343830e-01  3.871613546192e+00  7.121937379226e+00
 3.450000000000e+01  6.306485249561e-01  9.890241343829e-01  3.817040778540e+00  7.160574705248e+00
 3.500000000000e+01  6.136976407635e-01  9.890241343829e-01  3.762139186184e+00  7.195555026353e+00
 3.550000000000e+01  5.972773421438e-01  9.890241343829e-01  3.706986926261e+00  7.226954326901e+00
 3.600000000000e+01  5.813682669025e-01  9.890241343829e-01  3.651657637485e+00  7.254850463086e+00
 3.650000000000e+01  5.659519181530e-01  9.890241343829e-01  3.596220622585e+00  7.279322898141e+00
 3.700000000000e+01  5.510105956777e-01  9.890241343829e-01  3.540741026521e+00  7.300452452804e+00
 3.750000000000e+01  5.365273632074e-01  9.890241343827e-01  3.485280011147e+00  7.318321069679e+00
 3.800000000000e+01  5.224860258576e-01  9.890241343827e-01  3.429894922051e+00  7.333011595764e+00
 3.850000000000e+01  5.088710729431e-01  9.890241343827e-01  3.374639457354e+00  7.344607570480e+00
 3.900000000000e+01  4.956676533529e-01  9.890241343827e-01  3.319563824810e+00  7.353193035939e+00
 3.950000000000e+01  4.828615429406e-01  9.890241343827e-01  3.264714887375e+00  7.358852367265e+00
 4.000000000000e+01  4.704391099362e-01  9.890241343827e-01  3.210136332385e+00  7.361670081727e+00
 4.050000000000e+01  4.583872866973e-01  9.890241343827e-01  3.155868813541e+00  7.361730686930e+00
 4.100000000000e+01  4.466935426395e-01  9.890241343827e-01  3.101950089097e+00  7.359118537877e+00
 4.150000000000e+01  4.353458609683e-01  9.890241343827e-01  3.048415143935e+00  7.353917715561e+00
 4.200000000000e+01  4.243327135023e-01  9.890241343827e-01  2.995296324674e+00  7.346211897245e+00
 4.250000000000e+01  4.136430356801e-01  9.890241343827e-01  2.942623476247e+00  7.336084230577e+00
 4.300000000000e+01  4.032662004104e-01  9.890241343827e-01  2.890424086343e+00  7.323617204107e+00
 4.350000000000e+01  3.931919992477e-01  9.890241343827e-01  2.838723394484e+00  7.308892560525e+00
 4.400000000000e+01  3.834106266732e-01  9.890241343827e-01  2.787544484459e+00  7.291991227107e+00
 4.450000000000e+01  3.739126606382e-01  9.890241343827e-01  2.736908398020e+00  7.272993228608e+00
 4.500000000000e+01  3.646890438133e-01  9.890241343827e-01  2.686834247526e+00  7.251977607718e+00
 4.550000000000e+01  3.557310680061e-01  9.890241343827e-01  2.637339307196e+00  7.229022355586e+00
 4.600000000000e+01  3.470303563451e-01  9.890241343827e-01  2.588439128844e+00  7.204204351257e+00
 4.650000000000e+01  3.385788481426e-01  9.890241343827e-01  2.540147623845e+00  7.177599284079e+00
 4.700000000000e+01  3.303687873041e-01  9.890241343827e-01  2.492477155144e+00  7.149281646641e+00
 4.750000000000e+01  3.223927032804e-01  9.890241343827e-01  2.445438636521e+00  7.119324629348e+00
 4.800000000000e+01  3.146434065631e-01  9.890241343827e-01  2.399041585626e+00  7.087800158502e+00
 4.850000000000e+01  3.071139678863e-01  9.890241343827e-01  2.353294238041e+00  7.054778787864e+00
 4.900000000000e+01  2.997977152013e-01  9.890241343827e-01  2.308203583742e+00  7.020329736688e+00
 4.950000000000e+01  2.926882159021e-01  9.890241343827e-01  2.263775472495e+00  6.984520812109e+00
 5.000000000000e+01  2.857792711937e-01  9.890241343827e-01  2.220014658021e+00  6.947418422621e+00
 5.050000000000e+01  2.790649032983e-01  9.890241343827e-01  2.176924879544e+00  6.909087540318e+00
 5.100000000000e+01  2.725393469890e-01  9.890241343827e-01  2.134508919648e+00  6.869591692977e+00
 5.150000000000e+01  2.661970413108e-01  9.890241343827e-01  2.092768660287e+00  6.828992959576e+00
 5.200000000000e+01  2.600326189706e-01  9.890241343827e-01  2.051705152912e+00  6.787351947040e+00
 5.250000000000e+01  2.540409019772e-01  9.890241343827e-01  2.011318650225e+00  6.744727813475e+00
 5.300000000000e+01  2.482168890876e-01  9.890241343827e-01  1.971608688543e+00  6.701178231420e+00
 5.350000000000e+01  2.425557544027e-01  9.890241343827e-01  1.932574099592e+00  6.656759430634e+00
 5.400000000000e+01  2.370528342366e-01  9.890241343827e-01  1.894213097673e+00  6.611526158580e+00
 5.450000000000e+01  2.317036265268e-01  9.890241343827e-01  1.856523283846e+00  6.565531727063e+00
 5.500000000000e+01  2.265037789800e-01  9.890241343827e-01  1.819501726246e+00  6.518827982594e+00
 5.550000000000e+01  2.214490880434e-01  9.890241343827e-01  1.783144965244e+00  6.471465348933e+00
 5.600000000000e+01  2.165354885915e-01  9.890241343827e-01  1.747449084198e+00  6.423492808180e+00
 5.650000000000e+01  2.117590526954e-01  9.890241343827e-01  1.712409715274e+00  6.374957941111e+00
 5.700000000000e+01  2.071159805106e-01  9.890241343827e-01  1.678022101811e+00  6.325906916417e+00
 5.750000000000e+01  2.026025988856e-01  9.890241343827e-01  1.644281105062e+00  6.276384528688e+00
 5.800000000000e+01  1.982153534425e-01  9.890241343827e-01  1.611181257889e+00  6.226434195728e+00
 5.850000000000e+01  1.939508067855e-01  9.890241343827e-01  1.578716773875e+00  6.176097992539e+00
 5.900000000000e+01  1.898056319006e-01  9.890241343827e-01  1.546881591546e+00  6.125416657031e+00
 5.950000000000e+01  1.857766097825e-01  9.890241343827e-01  1.515669387095e+00  6.074429619403e+00
 6.000000000000e+01  1.818606241776e-01  9.890241343827e-01  1.485073608783e+00  6.023175015461e+00
 6.050000000000e+01  1.780546586005e-01  9.890241343827e-01  1.455087493902e+00  5.971689712012e+00
 6.100000000000e+01  1.743557923622e-01  9.890241343827e-01  1.425704093381e+00  5.920009326362e+00
 6.150000000000e+01  1.707611969847e-01  9.890241343827e-01  1.396916293349e+00  5.868168248537e+00
 6.200000000000e+01  1.672681334642e-01  9.890241343827e-01  1.368716830046e+00  5.816199665552e+00
 6.250000000000e+01  1.638739480598e-01  9.890241343827e-01  1.341098316318e+00  5.764135581175e+00
 6.300000000000e+01  1.605760707339e-01  9.890241343827e-01  1.314053246982e+00  5.712006843601e+00
 6.350000000000e+01  1.573720103704e-01  9.890241343827e-01  1.287574030014e+00  5.659843163758e+00
 6.400000000000e+01  1.542593539837e-01  9.890241343827e-01  1.261652985190e+00  5.607673144238e+00
 6.450000000000e+01  1.512357620374e-01  9.890241343827e-01  1.236282374885e+00  5.555524298515e+00
 6.500000000000e+01  1.482989677366e-01  9.890241343827e-01  1.211454401742e+00  5.503423078657e+00
 6.550000000000e+01  1.454467727901e-01  9.890241343827e-01  1.187161235967e+00  5.451394896342e+00
 6.600000000000e+01  1.426770467456e-01  9.890241343827e-01  1.163395013385e+00  5.399464149067e+00
 6.650000000000e+01  1.399877231206e-01  9.890241343827e-01  1.140147859009e+00  5.347654242572e+00
 6.700000000000e+01  1.373767987242e-01  9.890241343827e-01  1.117411885807e+00  5.295987615673e+00
 6.750000000000e+01  1.348423301782e-01  9.890241343827e-01  1.095179214558e+00  5.244485763644e+00
 6.800000000000e+01  1.323824329838e-01  9.890241343827e-01  1.073441973685e+00  5.193169261864e+00
 6.850000000000e+01  1.299952786367e-01  9.890241343827e-01  1.052192315341e+00  5.142057789666e+00
 6.900000000000e+01  1.276790933948e-01  9.890241343827e-01  1.031422416608e+00  5.091170153103e+00
 6.950000000000e+01  1.254321560787e-01  9.890241343827e-01  1.011124491812e+00  5.040524308675e+00
 7.000000000000e+01  1.232527967695e-01  9.890241343827e-01  9.912907952604e-01  4.990137385625e+00
 7.050000000000e+01  1.211393949975e-01  9.890241343827e-01  9.719136298854e-01  4.940025708930e+00
 7.100000000000e+01  1.190903784100e-01  9.890241343827e-01  9.529853516346e-01  4.890204821600e+00
 7.150000000000e+01  1.171042207880e-01  9.890241343827e-01  9.344983746026e-01  4.840689506331e+00
 7.200000000000e+01  1.151794406986e-01  9.890241343827e-01  9.164451771582e-01  4.791493808339e+00
 7.250000000000e+01  1.133145993026e-01  9.890241343827e-01  8.988183036840e-01  4.742631055042e+00
 7.300000000000e+01  1.115082991153e-01  9.890241343827e-01  8.816103724185e-01  4.694113879915e+00
 7.350000000000e+01  1.097591834614e-01  9.890241343827e-01  8.648140741181e-01  4.645954239636e+00
 7.400000000000e+01  1.080659338956e-01  9.890241343827e-01  8.484221809663e-01  4.598163439019e+00
 7.450000000000e+01  1.064272730586e-01  9.890241343827e-01  8.324275435226e-01  4.550752145870e+00
 7.500000000000e+01  1.048419598279e-01  9.890241343827e-01  8.168230991130e-01  4.503730416126e+00
 7.550000000000e+01  1.033087909641e-01  9.890241343827e-01  8.016018690221e-01  4.457107707735e+00
 7.600000000000e+01  1.018265978930e-01  9.890241343827e-01  7.867569653243e-01  4.410892905080e+00
 7.650000000000e+01  1.003942395534e-01  9.890241343827e-01  7.722815889774e-01  4.365094333209e+00
 7.700000000000e+01  9.901060725404e-02  9.890241343828e-01  7.581690347870e-01  4.319719780345e+00
 7.750000000000e+01  9.767461606755e-02  9.890241343827e-01  7.444126896950e-01  4.274776512272e+00
 7.800000000000e+01  9.638521407847e-02  9.890241343827e-01  7.310060365123e-01  4.230271292703e+00
 7.850000000000e+01  9.514139244707e-02  9.890241343827e-01  7.179426513884e-01  4.186210395622e+00
 7.900000000000e+01  9.394216973968e-02  9.890241343826e-01  7.052162080471e-01  4.142599627478e+00
 7.950000000000e+01  9.278660766169e-02  9.890241343826e-01  6.928204746330e-01  4.099444337258e+00
 8.000000000000e+01  9.167377641852e-02  9.890241343826e-01  6.807493178522e-01  4.056749438666e+00
 8.050000000000e+01  9.060276553170e-02  9.890241343826e-01  6.689967031067e-01  4.014519424124e+00
 8.100000000000e+01  8.957267649470e-02  9.890241343826e-01  6.575566959896e-01  3.972758381384e+00
 8.150000000000e+01  8.858264888839e-02  9.890241343826e-01  6.464234609183e-01  3.931470005225e+00
 8.200000000000e+01  8.763185212939e-02  9.890241343826e-01  6.355912593241e-01  3.890657612438e+00
 8.250000000000e+01  8.671948267160e-02  9.890241343826e-01  6.250544494400e-01  3.850324156573e+00
 8.300000000000e+01  8.584475336797e-02  9.890241343826e-01  6.148074846975e-01  3.810472242250e+00
 8.350000000000e+01  8.500688966043e-02  9.890241343826e-01  6.048449156159e-01  3.771104139200e+00
 8.400000000000e+01  8.420514349150e-02  9.890241343826e-01  5.951613896839e-01  3.732221793564e+00
 8.450000000000e+01  8.343878680987e-02  9.890241343826e-01  5.857516509858e-01  3.693826841546e+00
 8.500000000000e+01  8.270711959298e-02  9.890241343826e-01  5.766105392887e-01  3.655920620574e+00
 8.550000000000e+01  8.200945098338e-02  9.890241343826e-01  5.677329877003e-01  3.618504183600e+00
 8.600000000000e+01  8.134510522738e-02  9.890241343826e-01  5.591140224129e-01  3.581578309936e+00
 8.650000000000e+01  8.071342094990e-02  9.890241343826e-01  5.507487613740e-01  3.545143516812e+00
 8.700000000000e+01  8.011376438645e-02  9.890241343826e-01  5.426324143932e-01  3.509200068301e+00
 8.750000000000e+01  7.954552344363e-02  9.890241343826e-01  5.347602820075e-01  3.473747986970e+00
 8.800000000000e+01  7.900809614018e-02  9.890241343826e-01  5.271277542624e-01  3.438787065648e+00
 8.850000000000e+01  7.850088598539e-02  9.890241343826e-01  5.197303096155e-01  3.404316878037e+00
 8.900000000000e+01  7.802330010702e-02  9.890241343826e-01  5.125635133399e-01  3.370336788389e+00
 8.950000000000e+01  7.757477752915e-02  9.890241343826e-01  5.056230164678e-01  3.336845957603e+00
 9.000000000000e+01  7.715477946775e-02  9.890241343826e-01  4.989045542391e-01  3.303843353748e+00
 9.050000000000e+01  7.676279401855e-02  9.890241343826e-01  4.924039448057e-01  3.271327760257e+00
 9.100000000000e+01  7.639829083009e-02  9.890241343826e-01  4.861170882470e-01  3.239297789867e+00
 9.150000000000e+01  7.606073463199e-02  9.890241343826e-01  4.800399659389e-01  3.207751891112e+00
 9.200000000000e+01  7.574960915740e-02  9.890241343826e-01  4.741686394653e-01  3.176688353120e+00
 9.250000000000e+01  7.546444531193e-02  9.890241343826e-01  4.684992476365e-01  3.146105310757e+00
 9.300000000000e+01  7.520477817794e-02  9.890241343826e-01  4.630280036621e-01  3.116000757363e+00
 9.350000000000e+01  7.497011673937e-02  9.890241343826e-01  4.577511946605e-01  3.086372554749e+00
 9.400000000000e+01  7.475999392335e-02  9.890241343826e-01  4.526651820100e-01  3.057218434138e+00
 9.450000000000e+01  7.457399698334e-02  9.890241343826e-01  4.477663997587e-01  3.028536000283e+00
 9.500000000000e+01  7.441169531533e-02  9.890241343826e-01  4.430513518989e-01  3.000322746416e+00
 9.550000000000e+01  7.427260415709e-02  9.890241343826e-01  4.385166114171e-01  2.972576063135e+00
 9.600000000000e+01  7.415630181492e-02  9.890241343826e-01  4.341588199507e-01  2.945293231750e+00
 9.650000000000e+01  7.406239566182e-02  9.890241343826e-01  4.299746837952e-01  2.918471435240e+00
 9.700000000000e+01  7.399044081241e-02  9.890241343826e-01  4.259609716413e-01  2.892107771096e+00
 9.750000000000e+01  7.394006581356e-02  9.890241343826e-01  4.221145153122e-01  2.866199243800e+00
 9.800000000000e+01  7.391087855525e-02  9.890241343826e-01  4.184322078011e-01  2.840742780521e+00
 9.850000000000e+01  7.390242600864e-02  9.890241343826e-01  4.149110014525e-01  2.815735238658e+00
 9.900000000000e+01  7.391438965235e-02  9.890241343826e-01  4.115479067585e-01  2.791173391905e+00
 9.950000000000e+01  7.394638036884e-02  9.890241343826e-01  4.083399898639e-01  2.767053955661e+00
 1.000000000000e+02  7.399796132107e-02  9.890241343826e-01  4.052843727672e-01  2.743373587734e+00
 1.005000000000e+02  7.406880470444e-02  9.890241343826e-01  4.023782305200e-01  2.720128878393e+00
 1.010000000000e+02  7.415851615903e-02  9.890241343826e-01  3.996187879308e-01  2.697316370983e+00
 1.015000000000e+02  7.426676611413e-02  9.890241343826e-01  3.970033203925e-01  2.674932553018e+00
 1.020000000000e+02  7.439314226879e-02  9.890241343826e-01  3.945291515132e-01  2.652973874173e+00
 1.025000000000e+02  7.453733927185e-02  9.890241343826e-01  3.921936519389e-01  2.631436731414e+00
 1.030000000000e+02  7.469893497451e-02  9.890241343826e-01  3.899942374322e-01  2.610317493828e+00
 1.035000000000e+02  7.487764336609e-02  9.890241343826e-01  3.879283675255e-01  2.589612481698e+00
 1.040000000000e+02  7.507302991724e-02  9.890241343826e-01  3.859935434908e-01  2.569317996302e+00
 1.045000000000e+02  7.528480596300e-02  9.890241343826e-01  3.841873071784e-01  2.549430295554e+00
 1.050000000000e+02  7.551259385958e-02  9.890241343826e-01  3.825072385229e-01  2.529945617643e+00
 1.055000000000e+02  7.575605581092e-02  9.890241343826e-01  3.809509556506e-01  2.510860172690e+00
 1.060000000000e+02  7.601483216237e-02  9.890241343826e-01  3.795161126603e-01  2.492170150595e+00
 1.065000000000e+02  7.628857863449e-02  9.890241343826e-01  3.782003983644e-01  2.473871719481e+00
 1.070000000000e+02  7.657694238272e-02  9.890241343826e-01  3.770015342222e-01  2.455961030532e+00
 1.075000000000e+02  7.687957030220e-02  9.890241343826e-01  3.759172732577e-01  2.438434219334e+00
 1.080000000000e+02  7.719611284842e-02  9.890241343826e-01  3.749453985135e-01  2.421287406924e+00
 1.085000000000e+02  7.752622118740e-02  9.890241343826e-01  3.740837211404e-01  2.404516702105e+00
 1.090000000000e+02  7.786954411305e-02  9.890241343826e-01  3.733300785801e-01  2.388118204188e+00
 1.095000000000e+02  7.822572950003e-02  9.890241343826e-01  3.726823346599e-01  2.372088002614e+00
 1.100000000000e+02  7.859442268387e-02  9.890241343826e-01  3.721383776860e-01  2.356422179619e+00
 1.105000000000e+02  7.897526754974e-02  9.890241343825e-01  3.716961180477e-01  2.341116812481e+00
 1.110000000000e+02  7.936790679275e-02  9.890241343825e-01  3.713534901725e-01  2.326167971171e+00
 1.115000000000e+02  7.977198178079e-02  9.890241343824e-01  3.711084462554e-01  2.311571724938e+00
 1.120000000000e+02  8.018713244885e-02  9.890241343824e-01  3.709589585184e-01  2.297324139312e+00
 1.125000000000e+02  8.061299725014e-02  9.890241343825e-01  3.709030170389e-01  2.283421278399e+00
 1.130000000000e+02  8.104921193710e-02  9.890241343825e-01  3.709386271355e-01  2.269859206685e+00
 1.135000000000e+02  8.149541024445e-02  9.890241343825e-01  3.710638109156e-01  2.256633987836e+00
 1.140000000000e+02  8.195122301772e-02  9.890241343825e-01  3.712766041654e-01  2.243741687041e+00
 1.145000000000e+02  8.241627913615e-02  9.890241343825e-01  3.715750552103e-01  2.231178371515e+00
 1.150000000000e+02  8.289020524172e-02  9.890241343825e-01  3.719572260557e-01  2.218940109722e+00
 1.155000000000e+02  8.337262620288e-02  9.890241343825e-01  3.724211886082e-01  2.207022973665e+00
 1.160000000000e+02  8.386316462518e-02  9.890241343825e-01  3.729650246821e-01  2.195423038572e+00
 1.165000000000e+02  8.436144096323e-02  9.890241343825e-01  3.735868258052e-01  2.184136383028e+00
 1.170000000000e+02  8.486707321696e-02  9.890241343825e-01  3.742846893530e-01  2.173159090671e+00
 1.175000000000e+02  8.537967759608e-02  9.890241343825e-01  3.750567264068e-01  2.162487246785e+00
 1.180000000000e+02  8.589886828260e-02  9.890241343825e-01  3.759010447543e-01  2.152116945102e+00
 1.185000000000e+02  8.642425730992e-02  9.890241343825e-01  3.768157695575e-01  2.142044279715e+00
 1.190000000000e+02  8.695545532312e-02  9.890241343825e-01  3.777990257199e-01  2.132265351614e+00
 1.195000000000e+02  8.749207154473e-02  9.890241343824e-01  3.788489399394e-01  2.122776267897e+00
 1.200000000000e+02  8.803371287046e-02  9.890241343824e-01  3.799636514441e-01  2.113573138010e+00
