              time               pSTAT               pS727          pSTATdimer              Rdimer               mSOCS                SOCS
 0.000000000000e+00  0.000000000000e+00  0.000000000000e+00  0.000000000000e+00  0.000000000000e+00  0.000000000000e+00  0.000000000000e+00
 5.000000000000e-01  1.438285513578e-01  4.758129104684e-01  1.667890945973e-05  3.769399399580e-01  9.878997069636e-08  4.848615774112e-10
 1.000000000000e+00  4.028334801356e-01  9.063462359033e-01  1.252606960994e-03  4.503954444258e-01  3.384939980533e-05  3.748883445720e-07
 1.500000000000e+00  6.443526401912e-01  1.295908898468e+00  1.018450098814e-02  4.673924263785e-01  6.659598771018e-04  1.215363295084e-05
 2.000000000000e+00  8.607965870869e-01  1.648399772226e+00  3.552967733937e-02  4.686323992357e-01  4.355720266151e-03  1.153133525778e-04
 2.500000000000e+00  1.059955068519e+00  1.967346704318e+00  8.026072039370e-02  4.662516575176e-01  1.598135764415e-02  5.726274491561e-04
 3.000000000000e+00  1.248906039196e+00  2.255941822839e+00  1.410048706659e-01  4.635465935450e-01  4.134077115674e-02  1.916273818094e-03
 3.500000000000e+00  1.431901876644e+00  2.517073484693e+00  2.122887819865e-01  4.611575465092e-01  8.513320953679e-02  4.938348995556e-03
 4.000000000000e+00  1.611062848181e+00  2.753355183375e+00  2.895112870379e-01  4.591529245452e-01  1.499567110007e-01  1.060486216124e-02
 4.500000000000e+00  1.787252952983e+00  2.967151705320e+00  3.696474724798e-01  4.574939521733e-01  2.363706642939e-01  1.995044449460e-02
 5.000000000000e+00  1.960606614663e+00  3.160602798124e+00  4.509237437675e-01  4.561262615054e-01  3.434268178567e-01  3.399145216891e-02
 5.500000000000e+00  2.130804765823e+00  3.335644585505e+00  5.323326271642e-01  4.549993162222e-01  4.692360257719e-01  5.366770459511e-02
 6.000000000000e+00  2.297224419549e+00  3.494028944480e+00  6.132671608500e-01  4.540701858124e-01  6.114123626931e-01  7.980907026192e-02
 6.500000000000e+00  2.459030337025e+00  3.637341038939e+00  6.932968888940e-01  4.533034158909e-01  7.673802571003e-01  1.131197854858e-01
 7.000000000000e+00  2.615241109457e+00  3.767015184485e+00  7.720455447462e-01  4.526699839297e-01  9.345729569740e-01  1.541743068111e-01
 7.500000000000e+00  2.764783786605e+00  3.884349203550e+00  8.491314218376e-01  4.521462112018e-01  1.110553540918e+00  2.034201925750e-01
 8.000000000000e+00  2.906542890800e+00  3.990517414429e+00  9.241440143254e-01  4.517127451044e-01  1.293082574282e+00  2.611849362859e-01
 8.500000000000e+00  3.039405999175e+00  4.086582383897e+00  9.966409420690e-01  4.513537510668e-01  1.480149589515e+00  3.276846711247e-01
 9.000000000000e+00  3.162307171566e+00  4.173505561629e+00  1.066155910334e+00  4.510562480736e-01  1.669980682189e+00  4.030333409161e-01
 9.500000000000e+00  3.274269053835e+00  4.252156906007e+00  1.132212435641e+00  4.508095715744e-01  1.861031115731e+00  4.872514106021e-01
 1.000000000000e+01  3.374444458493e+00  4.323323585403e+00  1.194340428199e+00  4.506049468268e-01  2.051969212769e+00  5.802735142694e-01
 1.050000000000e+01  3.462158270163e+00  4.387717859928e+00  1.252093937014e+00  4.504351413072e-01  2.241656250352e+00  6.819547303460e-01
 1.100000000000e+01  3.536950029585e+00  4.445984209145e+00  1.305069287970e+00  4.502941859301e-01  2.429125108252e+00  7.920753871835e-01
 1.150000000000e+01  3.598616740186e+00  4.498705782202e+00  1.352923117339e+00  4.501771483028e-01  2.613559646864e+00  9.103445392540e-01
 1.200000000000e+01  3.647253772622e+00  4.546410234295e+00  1.395389975469e+00  4.500799487333e-01  2.794275804152e+00  1.036402542017e+00
 1.250000000000e+01  3.683289228867e+00  4.589575007659e+00  1.432299019068e+00  4.499992099052e-01  2.970704937052e+00  1.169823507111e+00
 1.300000000000e+01  3.707503811383e+00  4.628632109752e+00  1.463588941475e+00  4.499321340102e-01  3.142379549447e+00  1.310118848522e+00
 1.350000000000e+01  3.721025157163e+00  4.663972437255e+00  1.489319718886e+00  4.498764019030e-01  3.308921340768e+00  1.456743502183e+00
 1.400000000000e+01  3.725284417150e+00  4.695949687984e+00  1.509679084858e+00  4.498300902615e-01  3.470031358721e+00  1.609106491530e+00
 1.450000000000e+01  3.721927059421e+00  4.724883901002e+00  1.524981213431e+00  4.497916033615e-01  3.625481923970e+00  1.766586912152e+00
 1.500000000000e+01  3.712680963678e+00  4.751064659666e+00  1.535655246658e+00  4.497596168148e-01  3.775109919513e+00  1.928554916845e+00
 1.550000000000e+01  3.699201857921e+00  4.774753989745e+00  1.542222494887e+00  4.497330311138e-01  3.918810981621e+00  2.094395079062e+00
 1.600000000000e+01  3.682930726106e+00  4.796188982092e+00  1.545263481104e+00  4.497109332247e-01  4.056534143351e+00  2.263527658295e+00
 1.650000000000e+01  3.664999578317e+00  4.815584165465e+00  1.545378746329e+00  4.496925648058e-01  4.188276560715e+00  2.435423127628e+00
 1.700000000000e+01  3.646205962849e+00  4.833133653101e+00  1.543149641957e+00  4.496772959047e-01  4.314078085003e+00  2.609607419860e+00
 1.750000000000e+01  3.627049353399e+00  4.849013086183e+00  1.539105461568e+00  4.496646031353e-01  4.434015639373e+00  2.785658851434e+00
 1.800000000000e+01  3.607804209583e+00  4.863381391417e+00  1.533701591304e+00  4.496540516043e-01  4.548197472175e+00  2.963199999937e+00
 1.850000000000e+01  3.588598958540e+00  4.876382371480e+00  1.527310173104e+00  4.496452799165e-01  4.656757468263e+00  3.141888486105e+00
 1.900000000000e+01  3.569480513178e+00  4.888146144556e+00  1.520221661588e+00  4.496379877247e-01  4.759849712587e+00  3.321409274563e+00
 1.950000000000e+01  3.550457269079e+00  4.898790446754e+00  1.512653909159e+00  4.496319253984e-01  4.857643474683e+00  3.501469415385e+00
 2.000000000000e+01  3.531522986460e+00  4.908421809665e+00  1.504764953484e+00  4.496268854582e-01  4.950318738774e+00  3.681794960555e+00
 2.050000000000e+01  3.512668281533e+00  4.917136627263e+00  1.496666310374e+00  4.496226954423e-01  5.038062332422e+00  3.862129258847e+00
 2.100000000000e+01  3.493884947567e+00  4.925022120335e+00  1.488435007929e+00  4.496192119937e-01  5.121064672298e+00  4.042232012986e+00
 2.150000000000e+01  3.475167050311e+00  4.932157209510e+00  1.480123406648e+00  4.496163159438e-01  5.199517100308e+00  4.221878645563e+00
 2.200000000000e+01  3.456510784991e+00  4.938613305215e+00  1.471766723806e+00  4.496139082289e-01  5.273609758932e+00  4.400859754231e+00
 2.250000000000e+01  3.437914005076e+00  4.944455022165e+00  1.463388510004e+00  4.496119064963e-01  5.343529943072e+00  4.578980565804e+00
 2.300000000000e+01  3.419375736694e+00  4.949740826330e+00  1.455004507654e+00  4.496102422834e-01  5.409460856114e+00  4.756060366543e+00
 2.350000000000e+01  3.400895803332e+00  4.954523619741e+00  1.446625284337e+00  4.496088586759e-01  5.471580705896e+00  4.931931905768e+00
 2.400000000000e+01  3.382474544255e+00  4.958851270207e+00  1.438258011080e+00  4.496077083576e-01  5.530062071714e+00  5.106440784542e+00
 2.450000000000e+01  3.364112615917e+00  4.962767090280e+00  1.429907632381e+00  4.496067519917e-01  5.585071492164e+00  5.279444837934e+00
 2.500000000000e+01  3.345810856713e+00  4.966310270799e+00  1.421577633806e+00  4.496059568748e-01  5.636769223501e+00  5.450813519197e+00
 2.550000000000e+01  3.327570195457e+00  4.969516273129e+00  1.413270540099e+00  4.496052958183e-01  5.685309130016e+00  5.620427292686e+00
 2.600000000000e+01  3.309391590864e+00  4.972417183991e+00  1.404988237078e+00  4.496047462183e-01  5.730838674246e+00  5.788177040339e+00
 2.650000000000e+01  3.291275992636e+00  4.975042036736e+00  1.396732179396e+00  4.496042892823e-01  5.773498981384e+00  5.953963485438e+00
 2.700000000000e+01  3.273224317171e+00  4.977417102302e+00  1.388503524591e+00  4.496039093858e-01  5.813424958176e+00  6.117696634957e+00
 2.750000000000e+01  3.255237433232e+00  4.979566152116e+00  1.380303219779e+00  4.496035935375e-01  5.850745450330e+00  6.279295243616e+00
 2.800000000000e+01  3.237316154132e+00  4.981510702314e+00  1.372132059509e+00  4.496033309262e-01  5.885583431977e+00  6.438686286433e+00
 2.850000000000e+01  3.219461234674e+00  4.983270226417e+00  1.363990722278e+00  4.496031125565e-01  5.918056206322e+00  6.595804471679e+00
 2.900000000000e+01  3.201673370369e+00  4.984862321890e+00  1.355879792176e+00  4.496029309879e-01  5.948275586341e+00  6.750591839679e+00
 2.950000000000e+01  3.183953198372e+00  4.986302904623e+00  1.347799780736e+00  4.496027800438e-01  5.976348123331e+00  6.902997279625e+00
 3.000000000000e+01  3.166301299360e+00  4.987606387511e+00  1.339751141741e+00  4.496026545687e-01  6.002375343723e+00  7.052976060004e+00
 3.050000000000e+01  3.148718201285e+00  4.988785821055e+00  1.331734278541e+00  4.496025502610e-01  6.026453963774e+00  7.200489433529e+00
 3.100000000000e+01  3.131204382240e+00  4.989853014252e+00  1.323749549139e+00  4.496024635443e-01  6.048676093302e+00  7.345504275144e+00
 3.150000000000e+01  3.113760274761e+00  4.990818649726e+00  1.315797271735e+00  4.496023914492e-01  6.069129438489e+00  7.487992728637e+00
 3.200000000000e+01  3.096386267844e+00  4.991692391453e+00  1.307877729857e+00  4.496023315111e-01  6.087897502917e+00  7.627931859798e+00
 3.250000000000e+01  3.079082709492e+00  4.992482983579e+00  1.299991176373e+00  4.496022816823e-01  6.105059782618e+00  7.765303328432e+00
 3.300000000000e+01  3.061849911003e+00  4.993198338900e+00  1.292137836618e+00  4.496022402578e-01  6.120691953168e+00  7.900093080924e+00
 3.350000000000e+01  3.044688150188e+00  4.993845617526e+00  1.284317910958e+00  4.496022058199e-01  6.134866048898e+00  8.032291059511e+00
 3.400000000000e+01  3.027597673362e+00  4.994431298120e+00  1.276531577123e+00  4.496021771899e-01  6.147650634740e+00  8.161890928266e+00
 3.450000000000e+01  3.010578697189e+00  4.994961242645e+00  1.268778992334e+00  4.496021533882e-01  6.159110970899e+00  8.288889813975e+00
 3.500000000000e+01  2.993631411308e+00  4.995440755223e+00  1.261060295178e+00  4.496021336006e-01  6.169309170414e+00  8.413288061198e+00
 3.550000000000e+01  2.976755980446e+00  4.995874635177e+00  1.253375607252e+00  4.496021171499e-01  6.178304349780e+00  8.535089000730e+00
 3.600000000000e+01  2.959952546015e+00  4.996267225042e+00  1.245725034570e+00  4.496021034737e-01  6.186152772722e+00  8.654298730843e+00
 3.650000000000e+01  2.943221228183e+00  4.996622454212e+00  1.238108668884e+00  4.496020921038e-01  6.192907987378e+00  8.770925912106e+00
 3.700000000000e+01  2.926562127441e+00  4.996943878073e+00  1.230526588856e+00  4.496020826513e-01  6.198620957131e+00  8.884981572395e+00
 3.750000000000e+01  2.909975325913e+00  4.997234713713e+00  1.222978861138e+00  4.496020747929e-01  6.203340185330e+00  8.996478924280e+00
 3.800000000000e+01  2.893460888570e+00  4.997497872062e+00  1.215465541337e+00  4.496020682597e-01  6.207111834172e+00  9.105433192306e+00
 3.850000000000e+01  2.877018864493e+00  4.997735987019e+00  1.207986674887e+00  4.496020628285e-01  6.209979837962e+00  9.211861450308e+00
 3.900000000000e+01  2.860649287964e+00  4.997951441835e+00  1.200542297813e+00  4.496020583136e-01  6.211986011006e+00  9.315782468370e+00
 3.950000000000e+01  2.844352179475e+00  4.998146392957e+00  1.193132437444e+00  4.496020545601e-01  6.213170150351e+00  9.417216568746e+00
 4.000000000000e+01  2.828127546685e+00  4.998322792260e+00  1.185757113063e+00  4.496020514394e-01  6.213570136780e+00  9.516185485967e+00
 4.050000000000e+01  2.811975385358e+00  4.998482408876e+00  1.178416336571e+00  4.496020488440e-01  6.213222039527e+00  9.612712223693e+00
 4.100000000000e+01  2.795895679778e+00  4.998626838472e+00  1.171110112765e+00  4.496020466857e-01  6.212160164892e+00  9.706820989738e+00
 4.150000000000e+01  2.779888403565e+00  4.998757521845e+00  1.163838439905e+00  4.496020448919e-01  6.210417150434e+00  9.798537069088e+00
 4.200000000000e+01  2.763953520696e+00  4.998875767931e+00  1.156601310407e+00  4.496020434009e-01  6.208024089885e+00  9.887886658586e+00
 4.250000000000e+01  2.748090985579e+00  4.998982754834e+00  1.149398710886e+00  4.496020421626e-01  6.205010545504e+00  9.974896852918e+00
 4.300000000000e+01  2.732300744323e+00  4.999079557736e+00  1.142230623009e+00  4.496020411338e-01  6.201404704342e+00  1.005959543960e+01
 4.350000000000e+01  2.716582734650e+00  4.999167146020e+00  1.135097023426e+00  4.496020402789e-01  6.197233382915e+00  1.014201090050e+01
 4.400000000000e+01  2.700936886710e+00  4.999246400537e+00  1.127997884305e+00  4.496020395678e-01  6.192522124895e+00  1.022217228442e+01
 4.450000000000e+01  2.685363123202e+00  4.999318114302e+00  1.120933173383e+00  4.496020389763e-01  6.187295230745e+00  1.030010917820e+01
 4.500000000000e+01  2.669861359890e+00  4.999383004716e+00  1.113902854357e+00  4.496020384839e-01  6.181575834034e+00  1.037585161122e+01
 4.550000000000e+01  2.654431506030e+00  4.999441720277e+00  1.106906887105e+00  4.496020380739e-01  6.175385955579e+00  1.044942999089e+01
 4.600000000000e+01  2.639073464780e+00  4.999494848066e+00  1.099945227955e+00  4.496020377333e-01  6.168746563033e+00  1.052087503357e+01
 4.650000000000e+01  2.623787133402e+00  4.999542919211e+00  1.093017829868e+00  4.496020374498e-01  6.161677620394e+00  1.059021770879e+01
 4.700000000000e+01  2.608572403737e+00  4.999586415733e+00  1.086124642679e+00  4.496020372137e-01  6.154198143232e+00  1.065748917470e+01
 4.750000000000e+01  2.593429162427e+00  4.999625773149e+00  1.079265613218e+00  4.496020370186e-01  6.146326237180e+00  1.072272074006e+01
 4.800000000000e+01  2.578357291093e+00  4.999661385262e+00  1.072440685483e+00  4.496020368574e-01  6.138079142542e+00  1.078594381583e+01
 4.850000000000e+01  2.563356666645e+00  4.999693608932e+00  1.065649800813e+00  4.496020367245e-01  6.129473281194e+00  1.084718986414e+01
 4.900000000000e+01  2.548427161340e+00  4.999722766292e+00  1.058892897986e+00  4.496020366134e-01  6.120524289416e+00  1.090649036830e+01
 4.950000000000e+01  2.533568643246e+00  4.999749148885e+00  1.052169913384e+00  4.496020365206e-01  6.111247060823e+00  1.096387678759e+01
 5.000000000000e+01  2.518780976353e+00  4.999773020857e+00  1.045480781118e+00  4.496020364430e-01  6.101655784314e+00  1.101938051957e+01
 5.050000000000e+01  2.504064020879e+00  4.999794621045e+00  1.038825433147e+00  4.496020363792e-01  6.091763975714e+00  1.107303287199e+01
 5.100000000000e+01  2.489417633211e+00  4.999814165571e+00  1.032203799372e+00  4.496020363263e-01  6.081584510914e+00  1.112486503242e+01
 5.150000000000e+01  2.474841666247e+00  4.999831850587e+00  1.025615807765e+00  4.496020362815e-01  6.071129661661e+00  1.117490803366e+01
 5.200000000000e+01  2.460335969465e+00  4.999847852860e+00  1.019061384432e+00  4.496020362432e-01  6.060411117683e+00  1.122319273932e+01
 5.250000000000e+01  2.445900389226e+00  4.999862332266e+00  1.012540453712e+00  4.496020362126e-01  6.049440018592e+00  1.126974981490e+01
 5.300000000000e+01  2.431534768695e+00  4.999875433703e+00  1.006052938260e+00  4.496020361875e-01  6.038226981390e+00  1.131460970571e+01
 5.350000000000e+01  2.417238948038e+00  4.999887288433e+00  9.995987591344e-01  4.496020361656e-01  6.026782126696e+00  1.135780261612e+01
 5.400000000000e+01  2.403012764734e+00  4.999898015016e+00  9.931778358656e-01  4.496020361480e-01  6.015115102014e+00  1.139935849279e+01
 5.450000000000e+01  2.388856053451e+00  4.999907720841e+00  9.867900865245e-01  4.496020361331e-01  6.003235104808e+00  1.143930700906e+01
 5.500000000000e+01  2.374768646286e+00  4.999916503024e+00  9.804354277866e-01  4.496020361209e-01  5.991150905049e+00  1.147767754887e+01
 5.550000000000e+01  2.360750372853e+00  4.999924449455e+00  9.741137749990e-01  4.496020361109e-01  5.978870866069e+00  1.151449919379e+01
 5.600000000000e+01  2.346801060358e+00  4.999931639691e+00  9.678250422380e-01  4.496020361022e-01  5.966402964484e+00  1.154980071082e+01
 5.650000000000e+01  2.332920533698e+00  4.999938145693e+00  9.615691423536e-01  4.496020360953e-01  5.953754809256e+00  1.158361054156e+01
 5.700000000000e+01  2.319108615642e+00  4.999944032545e+00  9.553459870441e-01  4.496020360894e-01  5.940933659757e+00  1.161595679240e+01
 5.750000000000e+01  2.305365126676e+00  4.999949359245e+00  9.491554868776e-01  4.496020360840e-01  5.927946442970e+00  1.164686722640e+01
 5.800000000000e+01  2.291689885395e+00  4.999954179051e+00  9.429975513587e-01  4.496020360790e-01  5.914799769858e+00  1.167636925511e+01
 5.850000000000e+01  2.278082708460e+00  4.999958540166e+00  9.368720889741e-01  4.496020360756e-01  5.901499950924e+00  1.170448993230e+01
 5.900000000000e+01  2.264543410572e+00  4.999962486224e+00  9.307790072313e-01  4.496020360731e-01  5.888053011021e+00  1.173125594856e+01
 5.950000000000e+01  2.251071804635e+00  4.999966056790e+00  9.247182126996e-01  4.496020360712e-01  5.874464703438e+00  1.175669362621e+01
 6.000000000000e+01  2.237667701819e+00  4.999969287583e+00  9.186896110384e-01  4.496020360694e-01  5.860740523297e+00  1.178082891545e+01
 6.050000000000e+01  2.224330911640e+00  4.999972210816e+00  9.126931070472e-01  4.496020360693e-01  5.846885720302e+00  1.180368739110e+01
 6.100000000000e+01  2.211061241901e+00  4.999974856176e+00  9.067286046934e-01  4.496020360661e-01  5.832905310938e+00  1.182529424996e+01
 6.150000000000e+01  2.197858498856e+00  4.999977250538e+00  9.007960071357e-01  4.496020360566e-01  5.818804090658e+00  1.184567430895e+01
 6.200000000000e+01  2.184722487440e+00  4.999979417326e+00  8.948952167721e-01  4.496020360457e-01  5.804586643541e+00  1.186485200396e+01
 6.250000000000e+01  2.171653011210e+00  4.999981377436e+00  8.890261352832e-01  4.496020360404e-01  5.790257352150e+00  1.188285138907e+01
 6.300000000000e+01  2.158649872184e+00  4.999983150441e+00  8.831886636655e-01  4.496020360409e-01  5.775820409043e+00  1.189969613621e+01
 6.350000000000e+01  2.145712871068e+00  4.999984754316e+00  8.773827022434e-01  4.496020360462e-01  5.761279833068e+00  1.191540953575e+01
 6.400000000000e+01  2.132841807108e+00  4.999986205605e+00  8.716081506675e-01  4.496020360506e-01  5.746639458591e+00  1.193001449645e+01
 6.450000000000e+01  2.120036478542e+00  4.999987518813e+00  8.658649079692e-01  4.496020360558e-01  5.731902969947e+00  1.194353354805e+01
 6.500000000000e+01  2.107296682185e+00  4.999988707278e+00  8.601528725423e-01  4.496020360579e-01  5.717073876470e+00  1.195598884031e+01
 6.550000000000e+01  2.094622213910e+00  4.999989782762e+00  8.544719422262e-01  4.496020360587e-01  5.702155554716e+00  1.196740214704e+01
 6.600000000000e+01  2.082012868417e+00  4.999990756041e+00  8.488220143141e-01  4.496020360580e-01  5.687151236944e+00  1.197779486800e+01
 6.650000000000e+01  2.069468439344e+00  4.999991636629e+00  8.432029855503e-01  4.496020360572e-01  5.672064017218e+00  1.198718802815e+01
 6.700000000000e+01  2.056988719377e+00  4.999992433502e+00  8.376147522374e-01  4.496020360560e-01  5.656896878754e+00  1.199560228874e+01
 6.750000000000e+01  2.044573500152e+00  4.999993154502e+00  8.320572101440e-01  4.496020360553e-01  5.641652670890e+00  1.200305794063e+01
 6.800000000000e+01  2.032222572507e+00  4.999993807255e+00  8.265302546674e-01  4.496020360544e-01  5.626334157336e+00  1.200957492563e+01
 6.850000000000e+01  2.019935726050e+00  4.999994397809e+00  8.210337805820e-01  4.496020360539e-01  5.610943937262e+00  1.201517279719e+01
 6.900000000000e+01  2.007712749817e+00  4.999994932341e+00  8.155676823921e-01  4.496020360537e-01  5.595484557454e+00  1.201987078163e+01
 6.950000000000e+01  1.995553431937e+00  4.999995416344e+00  8.101318541570e-01  4.496020360535e-01  5.579958456645e+00  1.202368774697e+01
 7.000000000000e+01  1.983457559281e+00  4.999995853825e+00  8.047261893103e-01  4.496020360534e-01  5.564367907813e+00  1.202664217001e+01
 7.050000000000e+01  1.971424918798e+00  4.999996250084e+00  7.993505813539e-01  4.496020360535e-01  5.548715231169e+00  1.202875226866e+01
 7.100000000000e+01  1.959455295936e+00  4.999996608547e+00  7.940049230356e-01  4.496020360536e-01  5.533002545215e+00  1.203003584271e+01
 7.150000000000e+01  1.947548475561e+00  4.999996932515e+00  7.886891068278e-01  4.496020360537e-01  5.517231908910e+00  1.203051037038e+01
 7.200000000000e+01  1.935704242779e+00  4.999997226431e+00  7.834030253584e-01  4.496020360539e-01  5.501405440760e+00  1.203019311001e+01
 7.250000000000e+01  1.923922380864e+00  4.999997492602e+00  7.781465703260e-01  4.496020360540e-01  5.485525016490e+00  1.202910084844e+01
 7.300000000000e+01  1.912202672619e+00  4.999997733337e+00  7.729196332135e-01  4.496020360542e-01  5.469592467484e+00  1.202725006713e+01
 7.350000000000e+01  1.900544900031e+00  4.999997950405e+00  7.677221051062e-01  4.496020360542e-01  5.453609530073e+00  1.202465689993e+01
 7.400000000000e+01  1.888948846632e+00  4.999998148180e+00  7.625538779337e-01  4.496020360542e-01  5.437578171694e+00  1.202133746382e+01
 7.450000000000e+01  1.877414292756e+00  4.999998327295e+00  7.574148419764e-01  4.496020360542e-01  5.421499935453e+00  1.201730719647e+01
 7.500000000000e+01  1.865941018901e+00  4.999998489129e+00  7.523048876330e-01  4.496020360542e-01  5.405376404259e+00  1.201258132658e+01
 7.550000000000e+01  1.854528804901e+00  4.999998634689e+00  7.472239049847e-01  4.496020360542e-01  5.389209086042e+00  1.200717475849e+01
 7.600000000000e+01  1.843177431629e+00  4.999998766700e+00  7.421717846840e-01  4.496020360541e-01  5.372999639917e+00  1.200110233193e+01
 7.650000000000e+01  1.831886678298e+00  4.999998886279e+00  7.371484165477e-01  4.496020360540e-01  5.356749517526e+00  1.199437841237e+01
 7.700000000000e+01  1.820656323449e+00  4.999998994134e+00  7.321536900705e-01  4.496020360538e-01  5.340460093601e+00  1.198701704135e+01
 7.750000000000e+01  1.809486145460e+00  4.999999091195e+00  7.271874946927e-01  4.496020360537e-01  5.324132733896e+00  1.197903201499e+01
 7.800000000000e+01  1.798375922741e+00  4.999999178621e+00  7.222497198827e-01  4.496020360536e-01  5.307768807584e+00  1.197043693086e+01
 7.850000000000e+01  1.787325433363e+00  4.999999257523e+00  7.173402549599e-01  4.496020360535e-01  5.291369648919e+00  1.196124511798e+01
 7.900000000000e+01  1.776334454669e+00  4.999999328668e+00  7.124589889060e-01  4.496020360535e-01  5.274936516478e+00  1.195146956255e+01
 7.950000000000e+01  1.765402763930e+00  4.999999392974e+00  7.076058106827e-01  4.496020360535e-01  5.258470662131e+00  1.194112303193e+01
 8.000000000000e+01  1.754530138060e+00  4.999999451104e+00  7.027806090875e-01  4.496020360535e-01  5.241973289034e+00  1.193021803879e+01
 8.050000000000e+01  1.743716353581e+00  4.999999503289e+00  6.979832727266e-01  4.496020360536e-01  5.225445538624e+00  1.191876684432e+01
 8.100000000000e+01  1.732961187066e+00  4.999999550482e+00  6.932136902733e-01  4.496020360536e-01  5.208888589732e+00  1.190678147518e+01
 8.150000000000e+01  1.722264414785e+00  4.999999593343e+00  6.884717502581e-01  4.496020360536e-01  5.192303573665e+00  1.189427371795e+01
 8.200000000000e+01  1.711625812765e+00  4.999999632432e+00  6.837573411104e-01  4.496020360535e-01  5.175691589691e+00  1.188125512006e+01
 8.250000000000e+01  1.701045156438e+00  4.999999667609e+00  6.790703509781e-01  4.496020360536e-01  5.159053641178e+00  1.186773695283e+01
 8.300000000000e+01  1.690522221602e+00  4.999999699555e+00  6.744106682126e-01  4.496020360536e-01  5.142390800607e+00  1.185373031991e+01
 8.350000000000e+01  1.680056783709e+00  4.999999728598e+00  6.697781810104e-01  4.496020360537e-01  5.125704084435e+00  1.183924608136e+01
 8.400000000000e+01  1.669648618077e+00  4.999999755027e+00  6.651727775179e-01  4.496020360537e-01  5.108994487393e+00  1.182429487903e+01
 8.450000000000e+01  1.659297499782e+00  4.999999779039e+00  6.605943457888e-01  4.496020360538e-01  5.092262960950e+00  1.180888712068e+01
 8.500000000000e+01  1.649003203915e+00  4.999999800846e+00  6.560427738951e-01  4.496020360538e-01  5.075510459257e+00  1.179303302404e+01
 8.550000000000e+01  1.638765505441e+00  4.999999820606e+00  6.515179498663e-01  4.496020360537e-01  5.058737909982e+00  1.177674259409e+01
 8.600000000000e+01  1.628584179246e+00  4.999999838441e+00  6.470197617128e-01  4.496020360536e-01  5.041946221524e+00  1.176002563277e+01
 8.650000000000e+01  1.618459000222e+00  4.999999854599e+00  6.425480974604e-01  4.496020360535e-01  5.025136290705e+00  1.174289174872e+01
 8.700000000000e+01  1.608389743190e+00  4.999999869223e+00  6.381028451226e-01  4.496020360535e-01  5.008308995171e+00  1.172535035420e+01
 8.750000000000e+01  1.598376182945e+00  4.999999882417e+00  6.336838927192e-01  4.496020360535e-01  4.991465196798e+00  1.170741067127e+01
 8.800000000000e+01  1.588418094297e+00  4.999999894314e+00  6.292911282957e-01  4.496020360536e-01  4.974605745523e+00  1.168908173828e+01
 8.850000000000e+01  1.578515252071e+00  4.999999905017e+00  6.249244399125e-01  4.496020360537e-01  4.957731473355e+00  1.167037241024e+01
 8.900000000000e+01  1.568667431131e+00  4.999999914623e+00  6.205837156638e-01  4.496020360537e-01  4.940843199612e+00  1.165129136510e+01
 8.950000000000e+01  1.558874406410e+00  4.999999923283e+00  6.162688437075e-01  4.496020360537e-01  4.923941739816e+00  1.163184711188e+01
 9.000000000000e+01  1.549135952910e+00  4.999999931138e+00  6.119797122474e-01  4.496020360536e-01  4.907027896900e+00  1.161204799008e+01
 9.050000000000e+01  1.539451845683e+00  4.999999938274e+00  6.077162095264e-01  4.496020360534e-01  4.890102456514e+00  1.159190216763e+01
 9.100000000000e+01  1.529821859789e+00  4.999999944641e+00  6.034782238075e-01  4.496020360534e-01  4.873166178099e+00  1.157141763637e+01
 9.150000000000e+01  1.520245770552e+00  4.999999950415e+00  5.992656435017e-01  4.496020360534e-01  4.856219839388e+00  1.155060225447e+01
 9.200000000000e+01  1.510723353371e+00  4.999999955686e+00  5.950783570719e-01  4.496020360535e-01  4.839264199132e+00  1.152946371692e+01
 9.250000000000e+01  1.501254383777e+00  4.999999960531e+00  5.909162530619e-01  4.496020360537e-01  4.822300005849e+00  1.150800956547e+01
 9.300000000000e+01  1.491838637315e+00  4.999999964898e+00  5.867792200449e-01  4.496020360538e-01  4.805327977769e+00  1.148624716458e+01
 9.350000000000e+01  1.482475889867e+00  4.999999968880e+00  5.826671467695e-01  4.496020360539e-01  4.788348851813e+00  1.146418377017e+01
 9.400000000000e+01  1.473165917437e+00  4.999999972508e+00  5.785799220615e-01  4.496020360538e-01  4.771363347193e+00  1.144182648370e+01
 9.450000000000e+01  1.463908496220e+00  4.999999975800e+00  5.745174348577e-01  4.496020360535e-01  4.754372175391e+00  1.141918226849e+01
 9.500000000000e+01  1.454703402533e+00  4.999999978818e+00  5.704795741703e-01  4.496020360534e-01  4.737376033212e+00  1.139625792809e+01
 9.550000000000e+01  1.445550412993e+00  4.999999981565e+00  5.664662291744e-01  4.496020360533e-01  4.720375617173e+00  1.137306015718e+01
 9.600000000000e+01  1.436449304423e+00  4.999999984051e+00  5.624772891640e-01  4.496020360534e-01  4.703371615114e+00  1.134959551502e+01
 9.650000000000e+01  1.427399853886e+00  4.999999986283e+00  5.585126435652e-01  4.496020360536e-01  4.686364707791e+00  1.132587043281e+01
 9.700000000000e+01  1.418401838679e+00  4.999999988300e+00  5.545721819229e-01  4.496020360539e-01  4.669355568636e+00  1.130189120509e+01
 9.750000000000e+01  1.409455036378e+00  4.999999990123e+00  5.506557939380e-01  4.496020360539e-01  4.652344865542e+00  1.127766401110e+01
 9.800000000000e+01  1.400559224841e+00  4.999999991758e+00  5.467633694703e-01  4.496020360539e-01  4.635333261088e+00  1.125319491610e+01
 9.850000000000e+01  1.391714182217e+00  4.999999993224e+00  5.428947985315e-01  4.496020360537e-01  4.618321412309e+00  1.122848986641e+01
 9.900000000000e+01  1.382919686935e+00  4.999999994535e+00  5.390499712838e-01  4.496020360533e-01  4.601309968437e+00  1.120355468703e+01
 9.950000000000e+01  1.374175517728e+00  4.999999995704e+00  5.352287780520e-01  4.496020360532e-01  4.584299572578e+00  1.117839508871e+01
 1.000000000000e+02  1.365481453692e+00  4.999999996756e+00  5.314311093518e-01  4.496020360532e-01  4.567290866974e+00  1.115301668587e+01
 1.005000000000e+02  1.356837274247e+00  4.999999997715e+00  5.276568558705e-01  4.496020360534e-01  4.550284487674e+00  1.112742498236e+01
 1.010000000000e+02  1.348242759144e+00  4.999999998595e+00  5.239059084736e-01  4.496020360538e-01  4.533281064109e+00  1.110162537409e+01
 1.015000000000e+02  1.339697688441e+00  4.999999999373e+00  5.201781581984e-01  4.496020360540e-01  4.516281215282e+00  1.107562314274e+01
 1.020000000000e+02  1.331201842644e+00  5.000000000080e+00  5.164734963025e-01  4.496020360540e-01  4.499285564690e+00  1.104942349121e+01
 1.025000000000e+02  1.322755002611e+00  5.000000000730e+00  5.127918142335e-01  4.496020360539e-01  4.482294728116e+00  1.102303151858e+01
 1.030000000000e+02  1.314356949585e+00  5.000000001330e+00  5.091330036412e-01  4.496020360534e-01  4.465309316780e+00  1.099645222874e+01
 1.035000000000e+02  1.306007465117e+00  5.000000001876e+00  5.054969563440e-01  4.496020360533e-01  4.448329932260e+00  1.096969051262e+01
 1.040000000000e+02  1.297706331276e+00  5.000000002378e+00  5.018835644216e-01  4.496020360532e-01  4.431357178327e+00  1.094275119579e+01
 1.045000000000e+02  1.289453330508e+00  5.000000002837e+00  4.982927201542e-01  4.496020360533e-01  4.414391652313e+00  1.091563900701e+01
 1.050000000000e+02  1.281248245686e+00  5.000000003251e+00  4.947243160447e-01  4.496020360537e-01  4.397433947481e+00  1.088835858925e+01
 1.055000000000e+02  1.273090860082e+00  5.000000003634e+00  4.911782447751e-01  4.496020360539e-01  4.380484651432e+00  1.086091448379e+01
 1.060000000000e+02  1.264980957448e+00  5.000000003984e+00  4.876543992993e-01  4.496020360540e-01  4.363544349336e+00  1.083331116555e+01
 1.065000000000e+02  1.256918321984e+00  5.000000004299e+00  4.841526727974e-01  4.496020360539e-01  4.346613622260e+00  1.080555302637e+01
 1.070000000000e+02  1.248902738354e+00  5.000000004578e+00  4.806729586825e-01  4.496020360536e-01  4.329693047368e+00  1.077764437809e+01
 1.075000000000e+02  1.240933991678e+00  5.000000004826e+00  4.772151505940e-01  4.496020360532e-01  4.312783197095e+00  1.074958944924e+01
 1.080000000000e+02  1.233011867558e+00  5.000000005048e+00  4.737791424134e-01  4.496020360528e-01  4.295884640074e+00  1.072139239248e+01
 1.085000000000e+02  1.225136152092e+00  5.000000005248e+00  4.703648282755e-01  4.496020360525e-01  4.278997941657e+00  1.069305728949e+01
 1.090000000000e+02  1.217306631860e+00  5.000000005428e+00  4.669721025725e-01  4.496020360524e-01  4.262123662854e+00  1.066458814679e+01
 1.095000000000e+02  1.209523093936e+00  5.000000005590e+00  4.636008599664e-01  4.496020360524e-01  4.245262360549e+00  1.063598889907e+01
 1.100000000000e+02  1.201785325903e+00  5.000000005739e+00  4.602509953732e-01  4.496020360524e-01  4.228414588042e+00  1.060726341164e+01
 1.105000000000e+02  1.194093115865e+00  5.000000005875e+00  4.569224039633e-01  4.496020360524e-01  4.211580895422e+00  1.057841548232e+01
 1.110000000000e+02  1.186446252449e+00  5.000000005998e+00  4.536149811711e-01  4.496020360525e-01  4.194761829003e+00  1.054944884214e+01
 1.115000000000e+02  1.178844524814e+00  5.000000006109e+00  4.503286226919e-01  4.496020360525e-01  4.177957931632e+00  1.052036715737e+01
 1.120000000000e+02  1.171287722664e+00  5.000000006208e+00  4.470632244966e-01  4.496020360525e-01  4.161169741927e+00  1.049117403007e+01
 1.125000000000e+02  1.163775636246e+00  5.000000006298e+00  4.438186828306e-01  4.496020360526e-01  4.144397794957e+00  1.046187300005e+01
 1.130000000000e+02  1.156308056360e+00  5.000000006379e+00  4.405948942261e-01  4.496020360527e-01  4.127642621956e+00  1.043246754576e+01
 1.135000000000e+02  1.148884774365e+00  5.000000006453e+00  4.373917554951e-01  4.496020360527e-01  4.110904750936e+00  1.040296108605e+01
 1.140000000000e+02  1.141505582185e+00  5.000000006520e+00  4.342091637370e-01  4.496020360526e-01  4.094184706186e+00  1.037335698122e+01
 1.145000000000e+02  1.134170272318e+00  5.000000006581e+00  4.310470163241e-01  4.496020360526e-01  4.077483008054e+00  1.034365853458e+01
 1.150000000000e+02  1.126878637834e+00  5.000000006636e+00  4.279052109256e-01  4.496020360526e-01  4.060800172650e+00  1.031386899347e+01
 1.155000000000e+02  1.119630472393e+00  5.000000006686e+00  4.247836455070e-01  4.496020360526e-01  4.044136713015e+00  1.028399155036e+01
 1.160000000000e+02  1.112425570243e+00  5.000000006731e+00  4.216822183267e-01  4.496020360526e-01  4.027493138598e+00  1.025402934420e+01
 1.165000000000e+02  1.105263726226e+00  5.000000006771e+00  4.186008279411e-01  4.496020360526e-01  4.010869954860e+00  1.022398546147e+01
 1.170000000000e+02  1.098144735790e+00  5.000000006808e+00  4.155393732074e-01  4.496020360526e-01  3.994267663723e+00  1.019386293734e+01
 1.175000000000e+02  1.091068394985e+00  5.000000006841e+00  4.124977532855e-01  4.496020360527e-01  3.977686763332e+00  1.016366475675e+01
 1.180000000000e+02  1.084034500478e+00  5.000000006872e+00  4.094758676406e-01  4.496020360527e-01  3.961127748031e+00  1.013339385548e+01
 1.185000000000e+02  1.077042849550e+00  5.000000006899e+00  4.064736160457e-01  4.496020360527e-01  3.944591108426e+00  1.010305312107e+01
 1.190000000000e+02  1.070093240104e+00  5.000000006923e+00  4.034908985829e-01  4.496020360527e-01  3.928077331400e+00  1.007264539384e+01
 1.195000000000e+02  1.063185470672e+00  5.000000006945e+00  4.005276156468e-01  4.496020360527e-01  3.911586900071e+00  1.004217346793e+01
 1.200000000000e+02  1.056319340530e+00  5.000000006966e+00  3.975836680008e-01  4.496020360527e-01  3.895120293090e+00  1.001164008479e+01
