              time               Lfree               Rfree                  LR
 0.000000000000e+00  1.000000000000e+01  1.000000000000e+00  0.000000000000e+00
 1.000000000000e-02  9.905320338780e+00  9.053203387795e-01  9.467966122048e-02
 2.000000000000e-02  9.820430040912e+00  8.204300409123e-01  1.795699590877e-01
 3.000000000000e-02  9.744187251017e+00  7.441872510170e-01  2.558127489830e-01
 4.000000000000e-02  9.675606384593e+00  6.756063845935e-01  3.243936154065e-01
 5.000000000000e-02  9.613832587139e+00  6.138325871392e-01  3.861674128608e-01
 6.000000000000e-02  9.558121367651e+00  5.581213676511e-01  4.418786323489e-01
 7.000000000000e-02  9.507821583948e+00  5.078215839484e-01  4.921784160516e-01
 8.000000000000e-02  9.462361795504e+00  4.623617955037e-01  5.376382044963e-01
 9.000000000000e-02  9.421238875041e+00  4.212388750410e-01  5.787611249590e-01
 1.000000000000e-01  9.384008380130e+00  3.840083801296e-01  6.159916198704e-01
 1.100000000000e-01  9.350276720132e+00  3.502767201317e-01  6.497232798683e-01
 1.200000000000e-01  9.319694436598e+00  3.196944365984e-01  6.803055634016e-01
 1.300000000000e-01  9.291950495067e+00  2.919504950668e-01  7.080495049332e-01
 1.400000000000e-01  9.266767468442e+00  2.667674684418e-01  7.332325315582e-01
 1.500000000000e-01  9.243897442048e+00  2.438974420477e-01  7.561025579523e-01
 1.600000000000e-01  9.223118453290e+00  2.231184532896e-01  7.768815467104e-01
 1.700000000000e-01  9.204231455529e+00  2.042314555291e-01  7.957685444709e-01
 1.800000000000e-01  9.187057681863e+00  1.870576818625e-01  8.129423181375e-01
 1.900000000000e-01  9.171436353511e+00  1.714363535113e-01  8.285636464887e-01
 2.000000000000e-01  9.157222689247e+00  1.572226892469e-01  8.427773107531e-01
 2.100000000000e-01  9.144286158579e+00  1.442861585788e-01  8.557138414212e-01
 2.200000000000e-01  9.132508957537e+00  1.325089575374e-01  8.674910424626e-01
 2.300000000000e-01  9.121784660368e+00  1.217846603680e-01  8.782153396320e-01
 2.400000000000e-01  9.112017038032e+00  1.120170380319e-01  8.879829619681e-01
 2.500000000000e-01  9.103119008340e+00  1.031190083398e-01  8.968809916602e-01
 2.600000000000e-01  9.095011708272e+00  9.501170827210e-02  9.049882917279e-01
 2.700000000000e-01  9.087623669794e+00  8.762366979371e-02  9.123763302063e-01
 2.800000000000e-01  9.080890084919e+00  8.089008491854e-02  9.191099150815e-01
 2.900000000000e-01  9.074752152880e+00  7.475215288002e-02  9.252478471200e-01
 3.000000000000e-01  9.069156494072e+00  6.915649407237e-02  9.308435059276e-01
 3.100000000000e-01  9.064054628285e+00  6.405462828526e-02  9.359453717147e-01
 3.200000000000e-01  9.059402504902e+00  5.940250490195e-02  9.405974950981e-01
 3.300000000000e-01  9.055160083995e+00  5.516008399492e-02  9.448399160051e-01
 3.400000000000e-01  9.051290957590e+00  5.129095759031e-02  9.487090424097e-01
 3.500000000000e-01  9.047762004664e+00  4.776200466441e-02  9.522379953356e-01
 3.600000000000e-01  9.044543086383e+00  4.454308638316e-02  9.554569136168e-01
 3.700000000000e-01  9.041606774346e+00  4.160677434564e-02  9.583932256544e-01
 3.800000000000e-01  9.038928100761e+00  3.892810076137e-02  9.610718992386e-01
 3.900000000000e-01  9.036484329902e+00  3.648432990187e-02  9.635156700981e-01
 4.000000000000e-01  9.034254753009e+00  3.425475300874e-02  9.657452469913e-01
 4.100000000000e-01  9.032220504791e+00  3.222050479060e-02  9.677794952094e-01
 4.200000000000e-01  9.030364397176e+00  3.036439717580e-02  9.696356028242e-01
 4.300000000000e-01  9.028670767568e+00  2.867076756813e-02  9.713292324319e-01
 4.400000000000e-01  9.027125340880e+00  2.712534088002e-02  9.728746591200e-01
 4.500000000000e-01  9.025715104804e+00  2.571510480441e-02  9.742848951956e-01
 4.600000000000e-01  9.024428196640e+00  2.442819664006e-02  9.755718033599e-01
 4.700000000000e-01  9.023253800851e+00  2.325380085124e-02  9.767461991488e-01
 4.800000000000e-01  9.022182055507e+00  2.218205550655e-02  9.778179444935e-01
 4.900000000000e-01  9.021203967263e+00  2.120396726288e-02  9.787960327371e-01
 5.000000000000e-01  9.020311334159e+00  2.031133415854e-02  9.796886658415e-01
 5.100000000000e-01  9.019496675436e+00  1.949667543588e-02  9.805033245641e-01
 5.200000000000e-01  9.018753167656e+00  1.875316765623e-02  9.812468323438e-01
 5.300000000000e-01  9.018074586520e+00  1.807458652038e-02  9.819254134796e-01
 5.400000000000e-01  9.017455253909e+00  1.745525390869e-02  9.825447460913e-01
 5.500000000000e-01  9.016889989677e+00  1.688998967666e-02  9.831100103233e-01
 5.600000000000e-01  9.016374067756e+00  1.637406775641e-02  9.836259322436e-01
 5.700000000000e-01  9.015903176159e+00  1.590317615937e-02  9.840968238406e-01
 5.800000000000e-01  9.015473380985e+00  1.547338098485e-02  9.845266190151e-01
 5.900000000000e-01  9.015081092617e+00  1.508109261681e-02  9.849189073832e-01
 6.000000000000e-01  9.014723037259e+00  1.472303725852e-02  9.852769627415e-01
 6.100000000000e-01  9.014396222498e+00  1.439622249796e-02  9.856037775020e-01
 6.200000000000e-01  9.014097920355e+00  1.409792035459e-02  9.859020796454e-01
 6.300000000000e-01  9.013825642039e+00  1.382564203900e-02  9.861743579610e-01
 6.400000000000e-01  9.013577114000e+00  1.357711400046e-02  9.864228859995e-01
 6.500000000000e-01  9.013350264438e+00  1.335026443817e-02  9.866497355618e-01
 6.600000000000e-01  9.013143202277e+00  1.314320227742e-02  9.868567977226e-01
 6.700000000000e-01  9.012954200568e+00  1.295420056833e-02  9.870457994317e-01
 6.800000000000e-01  9.012781683263e+00  1.278168326332e-02  9.872183167367e-01
 6.900000000000e-01  9.012624212480e+00  1.262421247989e-02  9.873757875201e-01
 7.000000000000e-01  9.012480474822e+00  1.248047482152e-02  9.875195251785e-01
 7.100000000000e-01  9.012349272116e+00  1.234927211648e-02  9.876507278835e-01
 7.200000000000e-01  9.012229511258e+00  1.222951125800e-02  9.877704887420e-01
 7.300000000000e-01  9.012120194198e+00  1.212019419760e-02  9.878798058024e-01
 7.400000000000e-01  9.012020409794e+00  1.202040979441e-02  9.879795902056e-01
 7.500000000000e-01  9.011929326785e+00  1.192932678502e-02  9.880706732150e-01
 7.600000000000e-01  9.011846186361e+00  1.184618636134e-02  9.881538136387e-01
 7.700000000000e-01  9.011770295393e+00  1.177029539334e-02  9.882297046067e-01
 7.800000000000e-01  9.011701021812e+00  1.170102181149e-02  9.882989781885e-01
 7.900000000000e-01  9.011637788696e+00  1.163778869577e-02  9.883622113042e-01
 8.000000000000e-01  9.011580068999e+00  1.158006899856e-02  9.884199310014e-01
 8.100000000000e-01  9.011527382041e+00  1.152738204146e-02  9.884726179585e-01
 8.200000000000e-01  9.011479289105e+00  1.147928910473e-02  9.885207108953e-01
 8.300000000000e-01  9.011435389368e+00  1.143538936787e-02  9.885646106321e-01
 8.400000000000e-01  9.011395317232e+00  1.139531723159e-02  9.886046827684e-01
 8.500000000000e-01  9.011358739044e+00  1.135873904399e-02  9.886412609560e-01
 8.600000000000e-01  9.011325350025e+00  1.132535002489e-02  9.886746499751e-01
 8.700000000000e-01  9.011294872220e+00  1.129487222024e-02  9.887051277798e-01
 8.800000000000e-01  9.011267052489e+00  1.126705248945e-02  9.887329475105e-01
 8.900000000000e-01  9.011241658119e+00  1.124165811902e-02  9.887583418810e-01
 9.000000000000e-01  9.011218479612e+00  1.121847961174e-02  9.887815203883e-01
 9.100000000000e-01  9.011197321596e+00  1.119732159553e-02  9.888026784045e-01
 9.200000000000e-01  9.011178008866e+00  1.117800886612e-02  9.888219911339e-01
 9.300000000000e-01  9.011160380015e+00  1.116038001520e-02  9.888396199848e-01
 9.400000000000e-01  9.011144287148e+00  1.114428714796e-02  9.888557128520e-01
 9.500000000000e-01  9.011129597567e+00  1.112959756685e-02  9.888704024331e-01
 9.600000000000e-01  9.011116187553e+00  1.111618755330e-02  9.888838124467e-01
 9.700000000000e-01  9.011103946772e+00  1.110394677175e-02  9.888960532282e-01
 9.800000000000e-01  9.011092772594e+00  1.109277259354e-02  9.889072274065e-01
 9.900000000000e-01  9.011082572852e+00  1.108257285182e-02  9.889174271482e-01
 1.000000000000e+00  9.011073262156e+00  1.107326215619e-02  9.889267378438e-01
 1.010000000000e+00  9.011064763439e+00  1.106476343863e-02  9.889352365614e-01
 1.020000000000e+00  9.011057005727e+00  1.105700572745e-02  9.889429942726e-01
 1.030000000000e+00  9.011049924254e+00  1.104992425411e-02  9.889500757459e-01
 1.040000000000e+00  9.011043460364e+00  1.104346036414e-02  9.889565396359e-01
 1.050000000000e+00  9.011037559652e+00  1.103755965227e-02  9.889624403477e-01
 1.060000000000e+00  9.011032173539e+00  1.103217353926e-02  9.889678264607e-01
 1.070000000000e+00  9.011027256672e+00  1.102725667217e-02  9.889727433278e-01
 1.080000000000e+00  9.011022768562e+00  1.102276856203e-02  9.889772314380e-01
 1.090000000000e+00  9.011018671571e+00  1.101867157071e-02  9.889813284293e-01
 1.100000000000e+00  9.011014931805e+00  1.101493180513e-02  9.889850681949e-01
 1.110000000000e+00  9.011011518065e+00  1.101151806528e-02  9.889884819347e-01
 1.120000000000e+00  9.011008401924e+00  1.100840192396e-02  9.889915980760e-01
 1.130000000000e+00  9.011005557530e+00  1.100555752995e-02  9.889944424701e-01
 1.140000000000e+00  9.011002961015e+00  1.100296101526e-02  9.889970389847e-01
 1.150000000000e+00  9.011000590968e+00  1.100059096767e-02  9.889994090323e-01
 1.160000000000e+00  9.010998427411e+00  1.099842741089e-02  9.890015725891e-01
 1.170000000000e+00  9.010996452547e+00  1.099645254693e-02  9.890035474531e-01
 1.180000000000e+00  9.010994649761e+00  1.099464976103e-02  9.890053502390e-01
 1.190000000000e+00  9.010993004389e+00  1.099300438849e-02  9.890069956115e-01
 1.200000000000e+00  9.010991502672e+00  1.099150267239e-02  9.890084973276e-01
 1.210000000000e+00  9.010990131843e+00  1.099013184331e-02  9.890098681567e-01
 1.220000000000e+00  9.010988880657e+00  1.098888065656e-02  9.890111193434e-01
 1.230000000000e+00  9.010987739241e+00  1.098773924106e-02  9.890122607589e-01
 1.240000000000e+00  9.010986697319e+00  1.098669731880e-02  9.890133026812e-01
 1.250000000000e+00  9.010985745614e+00  1.098574561369e-02  9.890142543863e-01
 1.260000000000e+00  9.010984877824e+00  1.098487782358e-02  9.890151221764e-01
 1.270000000000e+00  9.010984085626e+00  1.098408562648e-02  9.890159143735e-01
 1.280000000000e+00  9.010983361922e+00  1.098336192183e-02  9.890166380782e-01
 1.290000000000e+00  9.010982701195e+00  1.098270119498e-02  9.890172988050e-01
 1.300000000000e+00  9.010982098238e+00  1.098209823766e-02  9.890179017623e-01
 1.310000000000e+00  9.010981547529e+00  1.098154752890e-02  9.890184524711e-01
 1.320000000000e+00  9.010981044416e+00  1.098104441615e-02  9.890189555839e-01
 1.330000000000e+00  9.010980585257e+00  1.098058525730e-02  9.890194147427e-01
 1.340000000000e+00  9.010980165991e+00  1.098016599088e-02  9.890198340091e-01
 1.350000000000e+00  9.010979783115e+00  1.097978311525e-02  9.890202168847e-01
 1.360000000000e+00  9.010979433637e+00  1.097943363744e-02  9.890205663626e-01
 1.370000000000e+00  9.010979114648e+00  1.097911464784e-02  9.890208853522e-01
 1.380000000000e+00  9.010978823435e+00  1.097882343521e-02  9.890211765648e-01
 1.390000000000e+00  9.010978557611e+00  1.097855761059e-02  9.890214423894e-01
 1.400000000000e+00  9.010978315107e+00  1.097831510679e-02  9.890216848932e-01
 1.410000000000e+00  9.010978093741e+00  1.097809374052e-02  9.890219062595e-01
 1.420000000000e+00  9.010977891535e+00  1.097789153548e-02  9.890221084645e-01
 1.430000000000e+00  9.010977707142e+00  1.097770714211e-02  9.890222928579e-01
 1.440000000000e+00  9.010977538810e+00  1.097753880956e-02  9.890224611904e-01
 1.450000000000e+00  9.010977385046e+00  1.097738504639e-02  9.890226149536e-01
 1.460000000000e+00  9.010977244643e+00  1.097724464257e-02  9.890227553574e-01
 1.470000000000e+00  9.010977116509e+00  1.097711650939e-02  9.890228834906e-01
 1.480000000000e+00  9.010976999490e+00  1.097699948954e-02  9.890230005105e-01
 1.490000000000e+00  9.010976892597e+00  1.097689259693e-02  9.890231074031e-01
 1.500000000000e+00  9.010976795033e+00  1.097679503313e-02  9.890232049669e-01
 1.510000000000e+00  9.010976705953e+00  1.097670595309e-02  9.890232940469e-01
 1.520000000000e+00  9.010976624617e+00  1.097662461717e-02  9.890233753828e-01
 1.530000000000e+00  9.010976550430e+00  1.097655043005e-02  9.890234495699e-01
 1.540000000000e+00  9.010976482783e+00  1.097648278345e-02  9.890235172166e-01
 1.550000000000e+00  9.010976421094e+00  1.097642109444e-02  9.890235789056e-01
 1.560000000000e+00  9.010976364820e+00  1.097636481998e-02  9.890236351800e-01
 1.570000000000e+00  9.010976313431e+00  1.097631343131e-02  9.890236865687e-01
 1.580000000000e+00  9.010976266403e+00  1.097626640260e-02  9.890237335974e-01
 1.590000000000e+00  9.010976223957e+00  1.097622395689e-02  9.890237760431e-01
 1.600000000000e+00  9.010976185352e+00  1.097618535205e-02  9.890238146480e-01
 1.610000000000e+00  9.010976150192e+00  1.097615019203e-02  9.890238498080e-01
 1.620000000000e+00  9.010976118071e+00  1.097611807086e-02  9.890238819291e-01
 1.630000000000e+00  9.010976088560e+00  1.097608856016e-02  9.890239114398e-01
 1.640000000000e+00  9.010976061405e+00  1.097606140476e-02  9.890239385952e-01
 1.650000000000e+00  9.010976037247e+00  1.097603724670e-02  9.890239627533e-01
 1.660000000000e+00  9.010976015241e+00  1.097601524135e-02  9.890239847586e-01
 1.670000000000e+00  9.010975995122e+00  1.097599512172e-02  9.890240048783e-01
 1.680000000000e+00  9.010975976608e+00  1.097597660841e-02  9.890240233916e-01
 1.690000000000e+00  9.010975959404e+00  1.097595940396e-02  9.890240405960e-01
 1.700000000000e+00  9.010975943551e+00  1.097594355114e-02  9.890240564489e-01
 1.710000000000e+00  9.010975929391e+00  1.097592939072e-02  9.890240706093e-01
 1.720000000000e+00  9.010975916396e+00  1.097591639560e-02  9.890240836044e-01
 1.730000000000e+00  9.010975904433e+00  1.097590443256e-02  9.890240955674e-01
 1.740000000000e+00  9.010975893371e+00  1.097589337128e-02  9.890241066287e-01
 1.750000000000e+00  9.010975883082e+00  1.097588308221e-02  9.890241169178e-01
 1.760000000000e+00  9.010975873629e+00  1.097587362906e-02  9.890241263709e-01
 1.770000000000e+00  9.010975865012e+00  1.097586501245e-02  9.890241349876e-01
 1.780000000000e+00  9.010975857084e+00  1.097585708372e-02  9.890241429163e-01
 1.790000000000e+00  9.010975849795e+00  1.097584979517e-02  9.890241502048e-01
 1.800000000000e+00  9.010975843106e+00  1.097584310564e-02  9.890241568944e-01
 1.810000000000e+00  9.010975836980e+00  1.097583697951e-02  9.890241630205e-01
 1.820000000000e+00  9.010975831362e+00  1.097583136152e-02  9.890241686385e-01
 1.830000000000e+00  9.010975826222e+00  1.097582622186e-02  9.890241737781e-01
 1.840000000000e+00  9.010975821532e+00  1.097582153223e-02  9.890241784678e-01
 1.850000000000e+00  9.010975817260e+00  1.097581726005e-02  9.890241827400e-01
 1.860000000000e+00  9.010975813372e+00  1.097581337171e-02  9.890241866283e-01
 1.870000000000e+00  9.010975809832e+00  1.097580983156e-02  9.890241901684e-01
 1.880000000000e+00  9.010975806801e+00  1.097580680129e-02  9.890241931987e-01
 1.890000000000e+00  9.010975804152e+00  1.097580415186e-02  9.890241958481e-01
 1.900000000000e+00  9.010975801857e+00  1.097580185685e-02  9.890241981431e-01
 1.910000000000e+00  9.010975799885e+00  1.097579988501e-02  9.890242001150e-01
 1.920000000000e+00  9.010975798198e+00  1.097579819769e-02  9.890242018023e-01
 1.930000000000e+00  9.010975796748e+00  1.097579674751e-02  9.890242032525e-01
 1.940000000000e+00  9.010975795477e+00  1.097579547690e-02  9.890242045231e-01
 1.950000000000e+00  9.010975794317e+00  1.097579431674e-02  9.890242056833e-01
 1.960000000000e+00  9.010975793185e+00  1.097579318494e-02  9.890242068151e-01
 1.970000000000e+00  9.010975791985e+00  1.097579198505e-02  9.890242080150e-01
 1.980000000000e+00  9.010975790605e+00  1.097579060485e-02  9.890242093951e-01
 1.990000000000e+00  9.010975790241e+00  1.097579024142e-02  9.890242097586e-01
 2.000000000000e+00  9.010975790457e+00  1.097579045658e-02  9.890242095434e-01
