              time               Lfree               Rfree                  LR
 0.000000000000e+00  1.000000000000e-01  1.000000000000e+00  0.000000000000e+00
 1.000000000000e-02  9.900596713382e-02  9.990059671338e-01  9.940328661817e-04
 2.000000000000e-02  9.802375922272e-02  9.980237592227e-01  1.976240777279e-03
 3.000000000000e-02  9.705322963247e-02  9.970532296325e-01  2.946770367534e-03
 4.000000000000e-02  9.609422092451e-02  9.960942209245e-01  3.905779075495e-03
 5.000000000000e-02  9.514659003054e-02  9.951465900305e-01  4.853409969457e-03
 6.000000000000e-02  9.421017650008e-02  9.942101765001e-01  5.789823499918e-03
 7.000000000000e-02  9.328482715155e-02  9.932848271515e-01  6.715172848453e-03
 8.000000000000e-02  9.237039322383e-02  9.923703932238e-01  7.629606776174e-03
 9.000000000000e-02  9.146672915120e-02  9.914667291512e-01  8.533270848800e-03
 1.000000000000e-01  9.057369433576e-02  9.905736943358e-01  9.426305664238e-03
 1.100000000000e-01  8.969114583429e-02  9.896911458343e-01  1.030885416571e-02
 1.200000000000e-01  8.881894484136e-02  9.888189448414e-01  1.118105515864e-02
 1.300000000000e-01  8.795695643256e-02  9.879569564326e-01  1.204304356744e-02
 1.400000000000e-01  8.710504199686e-02  9.871050419969e-01  1.289495800314e-02
 1.500000000000e-01  8.626307311298e-02  9.862630731130e-01  1.373692688702e-02
 1.600000000000e-01  8.543091684232e-02  9.854309168423e-01  1.456908315768e-02
 1.700000000000e-01  8.460844621398e-02  9.846084462140e-01  1.539155378602e-02
 1.800000000000e-01  8.379553539442e-02  9.837955353944e-01  1.620446460558e-02
 1.900000000000e-01  8.299206034094e-02  9.829920603409e-01  1.700793965906e-02
 2.000000000000e-01  8.219789888633e-02  9.821978988863e-01  1.780210111367e-02
 2.100000000000e-01  8.141293133438e-02  9.814129313344e-01  1.858706866562e-02
 2.200000000000e-01  8.063703849762e-02  9.806370384976e-01  1.936296150238e-02
 2.300000000000e-01  7.987010414467e-02  9.798701041447e-01  2.012989585533e-02
 2.400000000000e-01  7.911201298444e-02  9.791120129844e-01  2.088798701556e-02
 2.500000000000e-01  7.836265168423e-02  9.783626516842e-01  2.163734831577e-02
 2.600000000000e-01  7.762190862684e-02  9.776219086268e-01  2.237809137316e-02
 2.700000000000e-01  7.688967373137e-02  9.768896737314e-01  2.311032626863e-02
 2.800000000000e-01  7.616583869028e-02  9.761658386903e-01  2.383416130972e-02
 2.900000000000e-01  7.545029636703e-02  9.754502963670e-01  2.454970363297e-02
 3.000000000000e-01  7.474294182237e-02  9.747429418224e-01  2.525705817763e-02
 3.100000000000e-01  7.404367166733e-02  9.740436716673e-01  2.595632833267e-02
 3.200000000000e-01  7.335238420800e-02  9.733523842080e-01  2.664761579200e-02
 3.300000000000e-01  7.266897723503e-02  9.726689772350e-01  2.733102276497e-02
 3.400000000000e-01  7.199335270143e-02  9.719933527014e-01  2.800664729857e-02
 3.500000000000e-01  7.132541337657e-02  9.713254133766e-01  2.867458662343e-02
 3.600000000000e-01  7.066506361959e-02  9.706650636196e-01  2.933493638041e-02
 3.700000000000e-01  7.001220676877e-02  9.700122067688e-01  2.998779323123e-02
 3.800000000000e-01  6.936674995341e-02  9.693667499534e-01  3.063325004659e-02
 3.900000000000e-01  6.872860180313e-02  9.687286018031e-01  3.127139819687e-02
 4.000000000000e-01  6.809767205986e-02  9.680976720599e-01  3.190232794014e-02
 4.100000000000e-01  6.747387001335e-02  9.674738700134e-01  3.252612998665e-02
 4.200000000000e-01  6.685710716821e-02  9.668571071682e-01  3.314289283179e-02
 4.300000000000e-01  6.624729746945e-02  9.662472974695e-01  3.375270253055e-02
 4.400000000000e-01  6.564435558159e-02  9.656443555816e-01  3.435564441841e-02
 4.500000000000e-01  6.504819640179e-02  9.650481964018e-01  3.495180359821e-02
 4.600000000000e-01  6.445873578605e-02  9.644587357861e-01  3.554126421395e-02
 4.700000000000e-01  6.387589248805e-02  9.638758924880e-01  3.612410751195e-02
 4.800000000000e-01  6.329958580231e-02  9.632995858023e-01  3.670041419769e-02
 4.900000000000e-01  6.272973568785e-02  9.627297356879e-01  3.727026431215e-02
 5.000000000000e-01  6.216626230669e-02  9.621662623067e-01  3.783373769331e-02
 5.100000000000e-01  6.160908888556e-02  9.616090888856e-01  3.839091111444e-02
 5.200000000000e-01  6.105813909843e-02  9.610581390984e-01  3.894186090157e-02
 5.300000000000e-01  6.051333752876e-02  9.605133375288e-01  3.948666247124e-02
 5.400000000000e-01  5.997460841335e-02  9.599746084134e-01  4.002539158665e-02
 5.500000000000e-01  5.944187920164e-02  9.594418792016e-01  4.055812079836e-02
 5.600000000000e-01  5.891507768524e-02  9.589150776852e-01  4.108492231476e-02
 5.700000000000e-01  5.839413273056e-02  9.583941327306e-01  4.160586726944e-02
 5.800000000000e-01  5.787897240252e-02  9.578789724025e-01  4.212102759748e-02
 5.900000000000e-01  5.736952811020e-02  9.573695281102e-01  4.263047188980e-02
 6.000000000000e-01  5.686573149860e-02  9.568657314986e-01  4.313426850140e-02
 6.100000000000e-01  5.636751524450e-02  9.563675152445e-01  4.363248475550e-02
 6.200000000000e-01  5.587481154055e-02  9.558748115405e-01  4.412518845945e-02
 6.300000000000e-01  5.538755499641e-02  9.553875549964e-01  4.461244500359e-02
 6.400000000000e-01  5.490568102224e-02  9.549056810222e-01  4.509431897776e-02
 6.500000000000e-01  5.442912583216e-02  9.544291258322e-01  4.557087416784e-02
 6.600000000000e-01  5.395782518514e-02  9.539578251851e-01  4.604217481486e-02
 6.700000000000e-01  5.349171659447e-02  9.534917165945e-01  4.650828340553e-02
 6.800000000000e-01  5.303073902587e-02  9.530307390259e-01  4.696926097413e-02
 6.900000000000e-01  5.257483196595e-02  9.525748319659e-01  4.742516803405e-02
 7.000000000000e-01  5.212393582442e-02  9.521239358244e-01  4.787606417558e-02
 7.100000000000e-01  5.167799193997e-02  9.516779919400e-01  4.832200806003e-02
 7.200000000000e-01  5.123694153048e-02  9.512369415305e-01  4.876305846952e-02
 7.300000000000e-01  5.080072488831e-02  9.508007248883e-01  4.919927511169e-02
 7.400000000000e-01  5.036928704994e-02  9.503692870499e-01  4.963071295006e-02
 7.500000000000e-01  4.994257220884e-02  9.499425722088e-01  5.005742779116e-02
 7.600000000000e-01  4.952052538396e-02  9.495205253840e-01  5.047947461604e-02
 7.700000000000e-01  4.910309241886e-02  9.491030924189e-01  5.089690758114e-02
 7.800000000000e-01  4.869021998077e-02  9.486902199808e-01  5.130978001923e-02
 7.900000000000e-01  4.828185190041e-02  9.482818519004e-01  5.171814809959e-02
 8.000000000000e-01  4.787793728596e-02  9.478779372860e-01  5.212206271404e-02
 8.100000000000e-01  4.747842469787e-02  9.474784246979e-01  5.252157530213e-02
 8.200000000000e-01  4.708326313834e-02  9.470832631383e-01  5.291673686166e-02
 8.300000000000e-01  4.669240228843e-02  9.466924022884e-01  5.330759771157e-02
 8.400000000000e-01  4.630579249854e-02  9.463057924985e-01  5.369420750146e-02
 8.500000000000e-01  4.592338415843e-02  9.459233841584e-01  5.407661584157e-02
 8.600000000000e-01  4.554512836020e-02  9.455451283602e-01  5.445487163980e-02
 8.700000000000e-01  4.517097755807e-02  9.451709775581e-01  5.482902244193e-02
 8.800000000000e-01  4.480088438341e-02  9.448008843834e-01  5.519911561659e-02
 8.900000000000e-01  4.443480204270e-02  9.444348020427e-01  5.556519795730e-02
 9.000000000000e-01  4.407268430489e-02  9.440726843049e-01  5.592731569511e-02
 9.100000000000e-01  4.371448558220e-02  9.437144855822e-01  5.628551441780e-02
 9.200000000000e-01  4.336016156819e-02  9.433601615682e-01  5.663983843181e-02
 9.300000000000e-01  4.300966735790e-02  9.430096673579e-01  5.699033264210e-02
 9.400000000000e-01  4.266295904047e-02  9.426629590405e-01  5.733704095953e-02
 9.500000000000e-01  4.231999323568e-02  9.423199932357e-01  5.768000676432e-02
 9.600000000000e-01  4.198072708338e-02  9.419807270834e-01  5.801927291662e-02
 9.700000000000e-01  4.164511823296e-02  9.416451182330e-01  5.835488176704e-02
 9.800000000000e-01  4.131312563316e-02  9.413131256332e-01  5.868687436684e-02
 9.900000000000e-01  4.098470804346e-02  9.409847080435e-01  5.901529195654e-02
 1.000000000000e+00  4.065982459650e-02  9.406598245965e-01  5.934017540350e-02
 1.010000000000e+00  4.033843514068e-02  9.403384351407e-01  5.966156485932e-02
 1.020000000000e+00  4.002050002150e-02  9.400205000215e-01  5.997949997850e-02
 1.030000000000e+00  3.970598007363e-02  9.397059800736e-01  6.029401992637e-02
 1.040000000000e+00  3.939483670765e-02  9.393948367077e-01  6.060516329235e-02
 1.050000000000e+00  3.908703193168e-02  9.390870319317e-01  6.091296806832e-02
 1.060000000000e+00  3.878252793043e-02  9.387825279304e-01  6.121747206957e-02
 1.070000000000e+00  3.848128748814e-02  9.384812874881e-01  6.151871251186e-02
 1.080000000000e+00  3.818327384983e-02  9.381832738498e-01  6.181672615017e-02
 1.090000000000e+00  3.788845071407e-02  9.378884507141e-01  6.211154928593e-02
 1.100000000000e+00  3.759678222581e-02  9.375967822258e-01  6.240321777419e-02
 1.110000000000e+00  3.730823291405e-02  9.373082329141e-01  6.269176708595e-02
 1.120000000000e+00  3.702276780979e-02  9.370227678098e-01  6.297723219021e-02
 1.130000000000e+00  3.674035234438e-02  9.367403523444e-01  6.325964765562e-02
 1.140000000000e+00  3.646095236259e-02  9.364609523626e-01  6.353904763741e-02
 1.150000000000e+00  3.618453411757e-02  9.361845341176e-01  6.381546588243e-02
 1.160000000000e+00  3.591106426350e-02  9.359110642635e-01  6.408893573650e-02
 1.170000000000e+00  3.564051009396e-02  9.356405100940e-01  6.435948990604e-02
 1.180000000000e+00  3.537283918691e-02  9.353728391869e-01  6.462716081309e-02
 1.190000000000e+00  3.510801925618e-02  9.351080192562e-01  6.489198074382e-02
 1.200000000000e+00  3.484601854105e-02  9.348460185411e-01  6.515398145895e-02
 1.210000000000e+00  3.458680564753e-02  9.345868056475e-01  6.541319435247e-02
 1.220000000000e+00  3.433034954067e-02  9.343303495407e-01  6.566965045933e-02
 1.230000000000e+00  3.407661953688e-02  9.340766195369e-01  6.592338046312e-02
 1.240000000000e+00  3.382558529628e-02  9.338255852963e-01  6.617441470372e-02
 1.250000000000e+00  3.357721681501e-02  9.335772168150e-01  6.642278318499e-02
 1.260000000000e+00  3.333148441754e-02  9.333314844175e-01  6.666851558246e-02
 1.270000000000e+00  3.308835884714e-02  9.330883588471e-01  6.691164115286e-02
 1.280000000000e+00  3.284781384158e-02  9.328478138416e-01  6.715218615842e-02
 1.290000000000e+00  3.260981900213e-02  9.326098190021e-01  6.739018099787e-02
 1.300000000000e+00  3.237434612519e-02  9.323743461252e-01  6.762565387481e-02
 1.310000000000e+00  3.214136731889e-02  9.321413673189e-01  6.785863268111e-02
 1.320000000000e+00  3.191085499614e-02  9.319108549961e-01  6.808914500386e-02
 1.330000000000e+00  3.168278186756e-02  9.316827818676e-01  6.831721813244e-02
 1.340000000000e+00  3.145712093447e-02  9.314571209345e-01  6.854287906553e-02
 1.350000000000e+00  3.123384548186e-02  9.312338454819e-01  6.876615451814e-02
 1.360000000000e+00  3.101292907138e-02  9.310129290714e-01  6.898707092862e-02
 1.370000000000e+00  3.079434553427e-02  9.307943455343e-01  6.920565446573e-02
 1.380000000000e+00  3.057807027138e-02  9.305780702714e-01  6.942192972862e-02
 1.390000000000e+00  3.036407854289e-02  9.303640785429e-01  6.963592145711e-02
 1.400000000000e+00  3.015234442553e-02  9.301523444255e-01  6.984765557447e-02
 1.410000000000e+00  2.994284319215e-02  9.299428431921e-01  7.005715680785e-02
 1.420000000000e+00  2.973555041027e-02  9.297355504103e-01  7.026444958973e-02
 1.430000000000e+00  2.953044193873e-02  9.295304419387e-01  7.046955806127e-02
 1.440000000000e+00  2.932749392418e-02  9.293274939242e-01  7.067250607582e-02
 1.450000000000e+00  2.912668279903e-02  9.291266827990e-01  7.087331720097e-02
 1.460000000000e+00  2.892798540351e-02  9.289279854035e-01  7.107201459649e-02
 1.470000000000e+00  2.873137866988e-02  9.287313786699e-01  7.126862133012e-02
 1.480000000000e+00  2.853683988113e-02  9.285368398811e-01  7.146316011887e-02
 1.490000000000e+00  2.834434659372e-02  9.283443465937e-01  7.165565340628e-02
 1.500000000000e+00  2.815387663428e-02  9.281538766343e-01  7.184612336572e-02
 1.510000000000e+00  2.796540809637e-02  9.279654080964e-01  7.203459190363e-02
 1.520000000000e+00  2.777891933721e-02  9.277789193372e-01  7.222108066279e-02
 1.530000000000e+00  2.759438867323e-02  9.275943886732e-01  7.240561132677e-02
 1.540000000000e+00  2.741179471383e-02  9.274117947138e-01  7.258820528617e-02
 1.550000000000e+00  2.723111672340e-02  9.272311167234e-01  7.276888327660e-02
 1.560000000000e+00  2.705233397280e-02  9.270523339728e-01  7.294766602720e-02
 1.570000000000e+00  2.687542596574e-02  9.268754259657e-01  7.312457403426e-02
 1.580000000000e+00  2.670037243463e-02  9.267003724346e-01  7.329962756537e-02
 1.590000000000e+00  2.652715333654e-02  9.265271533365e-01  7.347284666346e-02
 1.600000000000e+00  2.635574884903e-02  9.263557488490e-01  7.364425115097e-02
 1.610000000000e+00  2.618613947818e-02  9.261861394782e-01  7.381386052182e-02
 1.620000000000e+00  2.601830578310e-02  9.260183057831e-01  7.398169421690e-02
 1.630000000000e+00  2.585222859369e-02  9.258522285937e-01  7.414777140631e-02
 1.640000000000e+00  2.568788894788e-02  9.256878889479e-01  7.431211105212e-02
 1.650000000000e+00  2.552526808613e-02  9.255252680861e-01  7.447473191387e-02
 1.660000000000e+00  2.536434744745e-02  9.253643474474e-01  7.463565255255e-02
 1.670000000000e+00  2.520510866547e-02  9.252051086655e-01  7.479489133453e-02
 1.680000000000e+00  2.504753387875e-02  9.250475338787e-01  7.495246612125e-02
 1.690000000000e+00  2.489160542912e-02  9.248916054291e-01  7.510839457088e-02
 1.700000000000e+00  2.473730534497e-02  9.247373053450e-01  7.526269465503e-02
 1.710000000000e+00  2.458461611988e-02  9.245846161199e-01  7.541538388012e-02
 1.720000000000e+00  2.443352043853e-02  9.244335204385e-01  7.556647956147e-02
 1.730000000000e+00  2.428400117360e-02  9.242840011736e-01  7.571599882640e-02
 1.740000000000e+00  2.413604138279e-02  9.241360413828e-01  7.586395861721e-02
 1.750000000000e+00  2.398962430575e-02  9.239896243058e-01  7.601037569425e-02
 1.760000000000e+00  2.384473389052e-02  9.238447338905e-01  7.615526610948e-02
 1.770000000000e+00  2.370135353108e-02  9.237013535311e-01  7.629864646892e-02
 1.780000000000e+00  2.355946705689e-02  9.235594670569e-01  7.644053294311e-02
 1.790000000000e+00  2.341905849908e-02  9.234190584991e-01  7.658094150092e-02
 1.800000000000e+00  2.328011206780e-02  9.232801120678e-01  7.671988793220e-02
 1.810000000000e+00  2.314261214978e-02  9.231426121498e-01  7.685738785022e-02
 1.820000000000e+00  2.300654330604e-02  9.230065433060e-01  7.699345669396e-02
 1.830000000000e+00  2.287189030609e-02  9.228718903061e-01  7.712810969391e-02
 1.840000000000e+00  2.273863809798e-02  9.227386380980e-01  7.726136190202e-02
 1.850000000000e+00  2.260677172905e-02  9.226067717291e-01  7.739322827095e-02
 1.860000000000e+00  2.247627644899e-02  9.224762764490e-01  7.752372355101e-02
 1.870000000000e+00  2.234713767203e-02  9.223471376720e-01  7.765286232797e-02
 1.880000000000e+00  2.221934097469e-02  9.222193409747e-01  7.778065902531e-02
 1.890000000000e+00  2.209287209358e-02  9.220928720936e-01  7.790712790642e-02
 1.900000000000e+00  2.196771692310e-02  9.219677169231e-01  7.803228307690e-02
 1.910000000000e+00  2.184386149867e-02  9.218438614987e-01  7.815613850133e-02
 1.920000000000e+00  2.172129202850e-02  9.217212920285e-01  7.827870797150e-02
 1.930000000000e+00  2.159999486562e-02  9.215999948656e-01  7.840000513438e-02
 1.940000000000e+00  2.147995651069e-02  9.214799565107e-01  7.852004348931e-02
 1.950000000000e+00  2.136116361063e-02  9.213611636106e-01  7.863883638937e-02
 1.960000000000e+00  2.124360295640e-02  9.212436029564e-01  7.875639704360e-02
 1.970000000000e+00  2.112726148073e-02  9.211272614807e-01  7.887273851927e-02
 1.980000000000e+00  2.101212643187e-02  9.210121264319e-01  7.898787356813e-02
 1.990000000000e+00  2.089818524195e-02  9.208981852419e-01  7.910181475805e-02
 2.000000000000e+00  2.078542508654e-02  9.207854250865e-01  7.921457491346e-02
