              time               Lfree               Rfree                  LR
 0.000000000000e+00  1.000000000000e+00  1.000000000000e+00  0.000000000000e+00
 1.000000000000e-02  9.901039250407e-01  9.901039250407e-01  9.896074959299e-03
 2.000000000000e-02  9.804116127963e-01  9.804116127963e-01  1.958838720366e-02
 3.000000000000e-02  9.709170042597e-01  9.709170042597e-01  2.908299574025e-02
 4.000000000000e-02  9.616142987885e-01  9.616142987885e-01  3.838570121151e-02
 5.000000000000e-02  9.524979312404e-01  9.524979312404e-01  4.750206875960e-02
 6.000000000000e-02  9.435625314835e-01  9.435625314835e-01  5.643746851654e-02
 7.000000000000e-02  9.348029321111e-01  9.348029321111e-01  6.519706788887e-02
 8.000000000000e-02  9.262141738635e-01  9.262141738635e-01  7.378582613646e-02
 9.000000000000e-02  9.177914832258e-01  9.177914832258e-01  8.220851677420e-02
 1.000000000000e-01  9.095302585073e-01  9.095302585073e-01  9.046974149271e-02
 1.100000000000e-01  9.014260643351e-01  9.014260643351e-01  9.857393566486e-02
 1.200000000000e-01  8.934746258567e-01  8.934746258567e-01  1.065253741433e-01
 1.300000000000e-01  8.856718208124e-01  8.856718208124e-01  1.143281791876e-01
 1.400000000000e-01  8.780136790350e-01  8.780136790350e-01  1.219863209650e-01
 1.500000000000e-01  8.704963675286e-01  8.704963675286e-01  1.295036324714e-01
 1.600000000000e-01  8.631161861218e-01  8.631161861218e-01  1.368838138782e-01
 1.700000000000e-01  8.558695646628e-01  8.558695646628e-01  1.441304353372e-01
 1.800000000000e-01  8.487530550709e-01  8.487530550709e-01  1.512469449290e-01
 1.900000000000e-01  8.417633256506e-01  8.417633256506e-01  1.582366743494e-01
 2.000000000000e-01  8.348971568426e-01  8.348971568426e-01  1.651028431574e-01
 2.100000000000e-01  8.281514393914e-01  8.281514393914e-01  1.718485606086e-01
 2.200000000000e-01  8.215231659162e-01  8.215231659162e-01  1.784768340838e-01
 2.300000000000e-01  8.150094277709e-01  8.150094277709e-01  1.849905722291e-01
 2.400000000000e-01  8.086074074688e-01  8.086074074688e-01  1.913925925312e-01
 2.500000000000e-01  8.023143867144e-01  8.023143867144e-01  1.976856132856e-01
 2.600000000000e-01  7.961277279923e-01  7.961277279923e-01  2.038722720077e-01
 2.700000000000e-01  7.900448822076e-01  7.900448822076e-01  2.099551177924e-01
 2.800000000000e-01  7.840633860812e-01  7.840633860812e-01  2.159366139188e-01
 2.900000000000e-01  7.781808418946e-01  7.781808418946e-01  2.218191581054e-01
 3.000000000000e-01  7.723949401125e-01  7.723949401125e-01  2.276050598875e-01
 3.100000000000e-01  7.667034298807e-01  7.667034298807e-01  2.332965701193e-01
 3.200000000000e-01  7.611041342542e-01  7.611041342542e-01  2.388958657458e-01
 3.300000000000e-01  7.555949430810e-01  7.555949430810e-01  2.444050569190e-01
 3.400000000000e-01  7.501738049312e-01  7.501738049312e-01  2.498261950688e-01
 3.500000000000e-01  7.448387348739e-01  7.448387348739e-01  2.551612651261e-01
 3.600000000000e-01  7.395878051637e-01  7.395878051637e-01  2.604121948363e-01
 3.700000000000e-01  7.344191454198e-01  7.344191454198e-01  2.655808545802e-01
 3.800000000000e-01  7.293309416157e-01  7.293309416157e-01  2.706690583843e-01
 3.900000000000e-01  7.243214319257e-01  7.243214319257e-01  2.756785680743e-01
 4.000000000000e-01  7.193889052766e-01  7.193889052766e-01  2.806110947234e-01
 4.100000000000e-01  7.145316998655e-01  7.145316998655e-01  2.854683001345e-01
 4.200000000000e-01  7.097482012244e-01  7.097482012244e-01  2.902517987756e-01
 4.300000000000e-01  7.050368391971e-01  7.050368391971e-01  2.949631608029e-01
 4.400000000000e-01  7.003960896383e-01  7.003960896383e-01  2.996039103617e-01
 4.500000000000e-01  6.958244687383e-01  6.958244687383e-01  3.041755312617e-01
 4.600000000000e-01  6.913205351130e-01  6.913205351130e-01  3.086794648870e-01
 4.700000000000e-01  6.868828869127e-01  6.868828869127e-01  3.131171130873e-01
 4.800000000000e-01  6.825101602003e-01  6.825101602003e-01  3.174898397997e-01
 4.900000000000e-01  6.782010287525e-01  6.782010287525e-01  3.217989712475e-01
 5.000000000000e-01  6.739542014923e-01  6.739542014923e-01  3.260457985077e-01
 5.100000000000e-01  6.697684223850e-01  6.697684223850e-01  3.302315776150e-01
 5.200000000000e-01  6.656424681962e-01  6.656424681962e-01  3.343575318038e-01
 5.300000000000e-01  6.615751486711e-01  6.615751486711e-01  3.384248513289e-01
 5.400000000000e-01  6.575653038921e-01  6.575653038921e-01  3.424346961079e-01
 5.500000000000e-01  6.536118049410e-01  6.536118049410e-01  3.463881950590e-01
 5.600000000000e-01  6.497135515883e-01  6.497135515883e-01  3.502864484117e-01
 5.700000000000e-01  6.458694720893e-01  6.458694720893e-01  3.541305279107e-01
 5.800000000000e-01  6.420785222815e-01  6.420785222815e-01  3.579214777185e-01
 5.900000000000e-01  6.383396841651e-01  6.383396841651e-01  3.616603158349e-01
 6.000000000000e-01  6.346519658930e-01  6.346519658930e-01  3.653480341070e-01
 6.100000000000e-01  6.310144000102e-01  6.310144000102e-01  3.689855999898e-01
 6.200000000000e-01  6.274260436614e-01  6.274260436614e-01  3.725739563386e-01
 6.300000000000e-01  6.238859768085e-01  6.238859768085e-01  3.761140231915e-01
 6.400000000000e-01  6.203933026060e-01  6.203933026060e-01  3.796066973940e-01
 6.500000000000e-01  6.169471456188e-01  6.169471456188e-01  3.830528543812e-01
 6.600000000000e-01  6.135466520331e-01  6.135466520331e-01  3.864533479669e-01
 6.700000000000e-01  6.101909885542e-01  6.101909885542e-01  3.898090114458e-01
 6.800000000000e-01  6.068793418322e-01  6.068793418322e-01  3.931206581678e-01
 6.900000000000e-01  6.036109181482e-01  6.036109181482e-01  3.963890818518e-01
 7.000000000000e-01  6.003849423301e-01  6.003849423301e-01  3.996150576699e-01
 7.100000000000e-01  5.972006578188e-01  5.972006578188e-01  4.027993421812e-01
 7.200000000000e-01  5.940573254732e-01  5.940573254732e-01  4.059426745268e-01
 7.300000000000e-01  5.909542240931e-01  5.909542240931e-01  4.090457759069e-01
 7.400000000000e-01  5.878906483965e-01  5.878906483965e-01  4.121093516035e-01
 7.500000000000e-01  5.848659091814e-01  5.848659091814e-01  4.151340908186e-01
 7.600000000000e-01  5.818793342305e-01  5.818793342305e-01  4.181206657695e-01
 7.700000000000e-01  5.789302660688e-01  5.789302660688e-01  4.210697339312e-01
 7.800000000000e-01  5.760180608833e-01  5.760180608833e-01  4.239819391167e-01
 7.900000000000e-01  5.731420899790e-01  5.731420899790e-01  4.268579100210e-01
 8.000000000000e-01  5.703017411427e-01  5.703017411427e-01  4.296982588573e-01
 8.100000000000e-01  5.674964122020e-01  5.674964122020e-01  4.325035877980e-01
 8.200000000000e-01  5.647255150097e-01  5.647255150097e-01  4.352744849903e-01
 8.300000000000e-01  5.619884769223e-01  5.619884769223e-01  4.380115230777e-01
 8.400000000000e-01  5.592847357243e-01  5.592847357243e-01  4.407152642757e-01
 8.500000000000e-01  5.566137412348e-01  5.566137412348e-01  4.433862587652e-01
 8.600000000000e-01  5.539749559620e-01  5.539749559620e-01  4.460250440380e-01
 8.700000000000e-01  5.513678547873e-01  5.513678547873e-01  4.486321452127e-01
 8.800000000000e-01  5.487919223410e-01  5.487919223410e-01  4.512080776590e-01
 8.900000000000e-01  5.462466546091e-01  5.462466546091e-01  4.537533453909e-01
 9.000000000000e-01  5.437315594502e-01  5.437315594502e-01  4.562684405498e-01
 9.100000000000e-01  5.412461537078e-01  5.412461537078e-01  4.587538462922e-01
 9.200000000000e-01  5.387899646127e-01  5.387899646127e-01  4.612100353873e-01
 9.300000000000e-01  5.363625297508e-01  5.363625297508e-01  4.636374702492e-01
 9.400000000000e-01  5.339633963224e-01  5.339633963224e-01  4.660366036776e-01
 9.500000000000e-01  5.315921201190e-01  5.315921201190e-01  4.684078798810e-01
 9.600000000000e-01  5.292482662940e-01  5.292482662940e-01  4.707517337060e-01
 9.700000000000e-01  5.269314099850e-01  5.269314099850e-01  4.730685900150e-01
 9.800000000000e-01  5.246411335132e-01  5.246411335132e-01  4.753588664868e-01
 9.900000000000e-01  5.223770279369e-01  5.223770279369e-01  4.776229720631e-01
 1.000000000000e+00  5.201386933199e-01  5.201386933199e-01  4.798613066801e-01
 1.010000000000e+00  5.179257372799e-01  5.179257372799e-01  4.820742627201e-01
 1.020000000000e+00  5.157377748999e-01  5.157377748999e-01  4.842622251001e-01
 1.030000000000e+00  5.135744291944e-01  5.135744291944e-01  4.864255708056e-01
 1.040000000000e+00  5.114353311435e-01  5.114353311435e-01  4.885646688565e-01
 1.050000000000e+00  5.093201181289e-01  5.093201181289e-01  4.906798818711e-01
 1.060000000000e+00  5.072284347858e-01  5.072284347858e-01  4.927715652142e-01
 1.070000000000e+00  5.051599333138e-01  5.051599333138e-01  4.948400666862e-01
 1.080000000000e+00  5.031142719736e-01  5.031142719736e-01  4.968857280264e-01
 1.090000000000e+00  5.010911156267e-01  5.010911156267e-01  4.989088843733e-01
 1.100000000000e+00  4.990901358034e-01  4.990901358034e-01  5.009098641966e-01
 1.110000000000e+00  4.971110104734e-01  4.971110104734e-01  5.028889895266e-01
 1.120000000000e+00  4.951534231881e-01  4.951534231881e-01  5.048465768119e-01
 1.130000000000e+00  4.932170635912e-01  4.932170635912e-01  5.067829364088e-01
 1.140000000000e+00  4.913016277990e-01  4.913016277990e-01  5.086983722010e-01
 1.150000000000e+00  4.894068168358e-01  4.894068168358e-01  5.105931831642e-01
 1.160000000000e+00  4.875323374496e-01  4.875323374496e-01  5.124676625504e-01
 1.170000000000e+00  4.856779021273e-01  4.856779021273e-01  5.143220978727e-01
 1.180000000000e+00  4.838432285884e-01  4.838432285884e-01  5.161567714116e-01
 1.190000000000e+00  4.820280394412e-01  4.820280394412e-01  5.179719605588e-01
 1.200000000000e+00  4.802320625009e-01  4.802320625009e-01  5.197679374991e-01
 1.210000000000e+00  4.784550309062e-01  4.784550309062e-01  5.215449690938e-01
 1.220000000000e+00  4.766966821075e-01  4.766966821075e-01  5.233033178925e-01
 1.230000000000e+00  4.749567583911e-01  4.749567583911e-01  5.250432416089e-01
 1.240000000000e+00  4.732350069933e-01  4.732350069933e-01  5.267649930067e-01
 1.250000000000e+00  4.715311794079e-01  4.715311794079e-01  5.284688205921e-01
 1.260000000000e+00  4.698450314655e-01  4.698450314655e-01  5.301549685345e-01
 1.270000000000e+00  4.681763234485e-01  4.681763234485e-01  5.318236765515e-01
 1.280000000000e+00  4.665248200499e-01  4.665248200499e-01  5.334751799501e-01
 1.290000000000e+00  4.648902897374e-01  4.648902897374e-01  5.351097102626e-01
 1.300000000000e+00  4.632725050857e-01  4.632725050857e-01  5.367274949143e-01
 1.310000000000e+00  4.616712430010e-01  4.616712430010e-01  5.383287569990e-01
 1.320000000000e+00  4.600862838317e-01  4.600862838317e-01  5.399137161683e-01
 1.330000000000e+00  4.585174117883e-01  4.585174117883e-01  5.414825882117e-01
 1.340000000000e+00  4.569644149180e-01  4.569644149180e-01  5.430355850820e-01
 1.350000000000e+00  4.554270849318e-01  4.554270849318e-01  5.445729150682e-01
 1.360000000000e+00  4.539052168676e-01  4.539052168676e-01  5.460947831324e-01
 1.370000000000e+00  4.523986093035e-01  4.523986093035e-01  5.476013906965e-01
 1.380000000000e+00  4.509070644742e-01  4.509070644742e-01  5.490929355258e-01
 1.390000000000e+00  4.494303876109e-01  4.494303876109e-01  5.505696123891e-01
 1.400000000000e+00  4.479683872698e-01  4.479683872698e-01  5.520316127302e-01
 1.410000000000e+00  4.465208753543e-01  4.465208753543e-01  5.534791246457e-01
 1.420000000000e+00  4.450876668113e-01  4.450876668113e-01  5.549123331887e-01
 1.430000000000e+00  4.436685795449e-01  4.436685795449e-01  5.563314204551e-01
 1.440000000000e+00  4.422634345230e-01  4.422634345230e-01  5.577365654770e-01
 1.450000000000e+00  4.408720558004e-01  4.408720558004e-01  5.591279441996e-01
 1.460000000000e+00  4.394942700682e-01  4.394942700682e-01  5.605057299318e-01
 1.470000000000e+00  4.381299068794e-01  4.381299068794e-01  5.618700931206e-01
 1.480000000000e+00  4.367787989070e-01  4.367787989070e-01  5.632212010930e-01
 1.490000000000e+00  4.354407811477e-01  4.354407811477e-01  5.645592188523e-01
 1.500000000000e+00  4.341156912408e-01  4.341156912408e-01  5.658843087592e-01
 1.510000000000e+00  4.328033693895e-01  4.328033693895e-01  5.671966306105e-01
 1.520000000000e+00  4.315036582589e-01  4.315036582589e-01  5.684963417411e-01
 1.530000000000e+00  4.302164038977e-01  4.302164038977e-01  5.697835961023e-01
 1.540000000000e+00  4.289414540551e-01  4.289414540551e-01  5.710585459449e-01
 1.550000000000e+00  4.276786585666e-01  4.276786585666e-01  5.723213414334e-01
 1.560000000000e+00  4.264278697697e-01  4.264278697697e-01  5.735721302303e-01
 1.570000000000e+00  4.251889422006e-01  4.251889422006e-01  5.748110577994e-01
 1.580000000000e+00  4.239617336247e-01  4.239617336247e-01  5.760382663753e-01
 1.590000000000e+00  4.227461037297e-01  4.227461037297e-01  5.772538962703e-01
 1.600000000000e+00  4.215419133597e-01  4.215419133597e-01  5.784580866403e-01
 1.610000000000e+00  4.203490259420e-01  4.203490259420e-01  5.796509740580e-01
 1.620000000000e+00  4.191673069136e-01  4.191673069136e-01  5.808326930864e-01
 1.630000000000e+00  4.179966243641e-01  4.179966243641e-01  5.820033756359e-01
 1.640000000000e+00  4.168368487891e-01  4.168368487891e-01  5.831631512109e-01
 1.650000000000e+00  4.156878512716e-01  4.156878512716e-01  5.843121487284e-01
 1.660000000000e+00  4.145495053972e-01  4.145495053972e-01  5.854504946028e-01
 1.670000000000e+00  4.134216866106e-01  4.134216866106e-01  5.865783133894e-01
 1.680000000000e+00  4.123042724155e-01  4.123042724155e-01  5.876957275845e-01
 1.690000000000e+00  4.111971426932e-01  4.111971426932e-01  5.888028573068e-01
 1.700000000000e+00  4.101001780918e-01  4.101001780918e-01  5.898998219082e-01
 1.710000000000e+00  4.090132614031e-01  4.090132614031e-01  5.909867385969e-01
 1.720000000000e+00  4.079362771213e-01  4.079362771213e-01  5.920637228787e-01
 1.730000000000e+00  4.068691114700e-01  4.068691114700e-01  5.931308885300e-01
 1.740000000000e+00  4.058116528318e-01  4.058116528318e-01  5.941883471682e-01
 1.750000000000e+00  4.047637904712e-01  4.047637904712e-01  5.952362095288e-01
 1.760000000000e+00  4.037254155075e-01  4.037254155075e-01  5.962745844925e-01
 1.770000000000e+00  4.026964206054e-01  4.026964206054e-01  5.973035793946e-01
 1.780000000000e+00  4.016766999380e-01  4.016766999380e-01  5.983233000620e-01
 1.790000000000e+00  4.006661498745e-01  4.006661498745e-01  5.993338501255e-01
 1.800000000000e+00  3.996646673725e-01  3.996646673725e-01  6.003353326275e-01
 1.810000000000e+00  3.986721511328e-01  3.986721511328e-01  6.013278488672e-01
 1.820000000000e+00  3.976885012702e-01  3.976885012702e-01  6.023114987298e-01
 1.830000000000e+00  3.967136192739e-01  3.967136192739e-01  6.032863807261e-01
 1.840000000000e+00  3.957474086341e-01  3.957474086341e-01  6.042525913659e-01
 1.850000000000e+00  3.947897735566e-01  3.947897735566e-01  6.052102264434e-01
 1.860000000000e+00  3.938406196205e-01  3.938406196205e-01  6.061593803795e-01
 1.870000000000e+00  3.928998537842e-01  3.928998537842e-01  6.071001462158e-01
 1.880000000000e+00  3.919673842704e-01  3.919673842704e-01  6.080326157296e-01
 1.890000000000e+00  3.910431209763e-01  3.910431209763e-01  6.089568790237e-01
 1.900000000000e+00  3.901269747796e-01  3.901269747796e-01  6.098730252204e-01
 1.910000000000e+00  3.892188575969e-01  3.892188575969e-01  6.107811424031e-01
 1.920000000000e+00  3.883186826696e-01  3.883186826696e-01  6.116813173304e-01
 1.930000000000e+00  3.874263644052e-01  3.874263644052e-01  6.125736355948e-01
 1.940000000000e+00  3.865418185868e-01  3.865418185868e-01  6.134581814132e-01
 1.950000000000e+00  3.856649621324e-01  3.856649621324e-01  6.143350378676e-01
 1.960000000000e+00  3.847957128067e-01  3.847957128067e-01  6.152042871933e-01
 1.970000000000e+00  3.839339896042e-01  3.839339896042e-01  6.160660103958e-01
 1.980000000000e+00  3.830797125912e-01  3.830797125912e-01  6.169202874088e-01
 1.990000000000e+00  3.822328030147e-01  3.822328030147e-01  6.177671969853e-01
 2.000000000000e+00  3.813931832961e-01  3.813931832961e-01  6.186068167039e-01
