              time               Lfree               Rfree                  LR               Sfree                 LRS
 0.000000000000e+00  1.000000000000e+01  1.000000000000e+00  0.000000000000e+00  1.000000000000e+01  0.000000000000e+00
 1.000000000000e-01  9.383244030960e+00  3.832440309598e-01  3.682221607360e-01  9.751466208585e+00  2.485337914151e-01
 2.000000000000e-01  9.154181494984e+00  1.541814949843e-01  3.054306499653e-01  9.459612166511e+00  5.403878334889e-01
 3.000000000000e-01  9.063707514763e+00  6.370751476284e-02  2.170128646153e-01  9.280720400943e+00  7.192795990570e-01
 4.000000000000e-01  9.026985694313e+00  2.698569431294e-02  1.595454836183e-01  9.186531199496e+00  8.134688005038e-01
 5.000000000000e-01  9.011873579210e+00  1.187357921014e-02  1.283112474441e-01  9.140184848219e+00  8.598151517808e-01
 6.000000000000e-01  9.005604033308e+00  5.604033308388e-03  1.126644303798e-01  9.118268485253e+00  8.817315147469e-01
 7.000000000000e-01  9.002988965717e+00  2.988965716794e-03  1.051881358017e-01  9.108177123083e+00  8.918228769165e-01
 8.000000000000e-01  9.001893905609e+00  1.893905608640e-03  1.017240644406e-01  9.103617991614e+00  8.963820083858e-01
 9.000000000000e-01  9.001433959325e+00  1.433959325059e-03  1.001528261011e-01  9.101586806991e+00  8.984131930089e-01
 1.000000000000e+00  9.001240314375e+00  1.240314375025e-03  9.945096551571e-02  9.100691301456e+00  8.993086985443e-01
 1.100000000000e+00  9.001158623586e+00  1.158623585824e-03  9.914094922825e-02  9.100299594379e+00  8.997004056210e-01
 1.200000000000e+00  9.001124106825e+00  1.124106824778e-03  9.900515918044e-02  9.100129287570e+00  8.998707124298e-01
 1.300000000000e+00  9.001109504069e+00  1.109504068872e-03  9.894606111474e-02  9.100055586749e+00  8.999444132514e-01
 1.400000000000e+00  9.001103323394e+00  1.103323393784e-03  9.892047810735e-02  9.100023823066e+00  8.999761769339e-01
 1.500000000000e+00  9.001100701330e+00  1.100701330076e-03  9.890943360434e-02  9.100010156499e+00  8.999898435006e-01
 1.600000000000e+00  9.001099588812e+00  1.099588811539e-03  9.890468103300e-02  9.100004291409e+00  8.999957085905e-01
 1.700000000000e+00  9.001099116382e+00  1.099116382028e-03  9.890264052434e-02  9.100001778471e+00  8.999982215287e-01
 1.800000000000e+00  9.001098917383e+00  1.098917382939e-03  9.890177257541e-02  9.100000711523e+00  8.999992884767e-01
 1.900000000000e+00  9.001098831681e+00  1.098831681177e-03  9.890139658217e-02  9.100000249828e+00  8.999997501717e-01
 2.000000000000e+00  9.001098794939e+00  1.098794939244e-03  9.890123456840e-02  9.100000051073e+00  8.999999489274e-01
 2.100000000000e+00  9.001098781860e+00  1.098781860009e-03  9.890117574826e-02  9.099999979173e+00  9.000000208268e-01
 2.200000000000e+00  9.001098776560e+00  1.098776560124e-03  9.890115191510e-02  9.099999950040e+00  9.000000499598e-01
 2.300000000000e+00  9.001098771324e+00  1.098771323571e-03  9.890112958936e-02  9.099999922478e+00  9.000000775221e-01
 2.400000000000e+00  9.001098768044e+00  1.098768044249e-03  9.890111551846e-02  9.099999905128e+00  9.000000948723e-01
 2.500000000000e+00  9.001098767777e+00  1.098767776996e-03  9.890111400646e-02  9.099999903348e+00  9.000000966516e-01
 2.600000000000e+00  9.001098767993e+00  1.098767992706e-03  9.890111481957e-02  9.099999904377e+00  9.000000956228e-01
 2.700000000000e+00  9.001098767383e+00  1.098767382555e-03  9.890111234449e-02  9.099999901292e+00  9.000000987080e-01
 2.800000000000e+00  9.001098766897e+00  1.098766897461e-03  9.890111028113e-02  9.099999898744e+00  9.000001012564e-01
 2.900000000000e+00  9.001098767025e+00  1.098767024610e-03  9.890111072286e-02  9.099999899312e+00  9.000001006876e-01
 3.000000000000e+00  9.001098767243e+00  1.098767242756e-03  9.890111163164e-02  9.099999900439e+00  9.000000995606e-01
 3.100000000000e+00  9.001098767128e+00  1.098767128402e-03  9.890111122121e-02  9.099999899915e+00  9.000001000854e-01
 3.200000000000e+00  9.001098766892e+00  1.098766891825e-03  9.890111030237e-02  9.099999898759e+00  9.000001012408e-01
 3.300000000000e+00  9.001098766035e+00  1.098766034887e-03  9.890110700900e-02  9.099999894609e+00  9.000001053911e-01
 3.400000000000e+00  9.001098765271e+00  1.098765271485e-03  9.890110405043e-02  9.099999890887e+00  9.000001091131e-01
 3.500000000000e+00  9.001098765045e+00  1.098765045235e-03  9.890110311477e-02  9.099999889725e+00  9.000001102750e-01
 3.600000000000e+00  9.001098764345e+00  1.098764344937e-03  9.890110040592e-02  9.099999886316e+00  9.000001136841e-01
 3.700000000000e+00  9.001098764983e+00  1.098764982773e-03  9.890110277262e-02  9.099999889320e+00  9.000001106796e-01
 3.800000000000e+00  9.001098765176e+00  1.098765175694e-03  9.890110349533e-02  9.099999890236e+00  9.000001097640e-01
 3.900000000000e+00  9.001098765732e+00  1.098765732278e-03  9.890110563408e-02  9.099999892931e+00  9.000001070686e-01
 4.000000000000e+00  9.001098766432e+00  1.098766431566e-03  9.890110834203e-02  9.099999896339e+00  9.000001036614e-01
 4.100000000000e+00  9.001098766944e+00  1.098766944088e-03  9.890111035348e-02  9.099999898863e+00  9.000001011374e-01
 4.200000000000e+00  9.001098767167e+00  1.098767167043e-03  9.890111126675e-02  9.099999899999e+00  9.000001000012e-01
 4.300000000000e+00  9.001098767339e+00  1.098767338901e-03  9.890111197539e-02  9.099999900879e+00  9.000000991207e-01
 4.400000000000e+00  9.001098767308e+00  1.098767308065e-03  9.890111188142e-02  9.099999900754e+00  9.000000992455e-01
 4.500000000000e+00  9.001098767187e+00  1.098767187090e-03  9.890111142783e-02  9.099999900180e+00  9.000000998201e-01
 4.600000000000e+00  9.001098767074e+00  1.098767073710e-03  9.890111098670e-02  9.099999899625e+00  9.000001003746e-01
 4.700000000000e+00  9.001098766961e+00  1.098766960972e-03  9.890111053249e-02  9.099999899058e+00  9.000001009415e-01
 4.800000000000e+00  9.001098766731e+00  1.098766730527e-03  9.890110962283e-02  9.099999897918e+00  9.000001020816e-01
 4.900000000000e+00  9.001098766564e+00  1.098766563615e-03  9.890110895726e-02  9.099999897086e+00  9.000001029141e-01
 5.000000000000e+00  9.001098766593e+00  1.098766593225e-03  9.890110905521e-02  9.099999897213e+00  9.000001027866e-01
 5.100000000000e+00  9.001098766642e+00  1.098766641531e-03  9.890110922792e-02  9.099999897434e+00  9.000001025655e-01
 5.200000000000e+00  9.001098766587e+00  1.098766586533e-03  9.890110900355e-02  9.099999897155e+00  9.000001028449e-01
 5.300000000000e+00  9.001098766604e+00  1.098766603998e-03  9.890110906773e-02  9.099999897237e+00  9.000001027633e-01
 5.400000000000e+00  9.001098766739e+00  1.098766739260e-03  9.890110959900e-02  9.099999897903e+00  9.000001020967e-01
 5.500000000000e+00  9.001098766855e+00  1.098766854557e-03  9.890111005550e-02  9.099999898475e+00  9.000001015249e-01
 5.600000000000e+00  9.001098766937e+00  1.098766937379e-03  9.890111038739e-02  9.099999898890e+00  9.000001011102e-01
 5.700000000000e+00  9.001098767011e+00  1.098767011406e-03  9.890111068662e-02  9.099999899263e+00  9.000001007370e-01
 5.800000000000e+00  9.001098767059e+00  1.098767059373e-03  9.890111088370e-02  9.099999899508e+00  9.000001004919e-01
 5.900000000000e+00  9.001098767112e+00  1.098767111790e-03  9.890111109932e-02  9.099999899776e+00  9.000001002239e-01
 6.000000000000e+00  9.001098767148e+00  1.098767148063e-03  9.890111125007e-02  9.099999899963e+00  9.000001000369e-01
 6.100000000000e+00  9.001098767158e+00  1.098767158034e-03  9.890111129382e-02  9.099999900017e+00  9.000000999831e-01
 6.200000000000e+00  9.001098767142e+00  1.098767141736e-03  9.890111122995e-02  9.099999899937e+00  9.000001000633e-01
 6.300000000000e+00  9.001098767209e+00  1.098767208634e-03  9.890111151159e-02  9.099999900285e+00  9.000000997148e-01
 6.400000000000e+00  9.001098767283e+00  1.098767282915e-03  9.890111182442e-02  9.099999900672e+00  9.000000993277e-01
 6.500000000000e+00  9.001098767359e+00  1.098767358749e-03  9.890111214395e-02  9.099999901068e+00  9.000000989323e-01
 6.600000000000e+00  9.001098767430e+00  1.098767430306e-03  9.890111244564e-02  9.099999901441e+00  9.000000985591e-01
 6.700000000000e+00  9.001098767492e+00  1.098767491758e-03  9.890111270500e-02  9.099999901762e+00  9.000000982382e-01
 6.800000000000e+00  9.001098767537e+00  1.098767537276e-03  9.890111289752e-02  9.099999902000e+00  9.000000980002e-01
 6.900000000000e+00  9.001098767561e+00  1.098767561031e-03  9.890111299869e-02  9.099999902125e+00  9.000000978753e-01
 7.000000000000e+00  9.001098767557e+00  1.098767557192e-03  9.890111298399e-02  9.099999902106e+00  9.000000978938e-01
 7.100000000000e+00  9.001098767520e+00  1.098767519932e-03  9.890111282892e-02  9.099999901914e+00  9.000000980862e-01
 7.200000000000e+00  9.001098767443e+00  1.098767443420e-03  9.890111250897e-02  9.099999901517e+00  9.000000984826e-01
 7.300000000000e+00  9.001098767322e+00  1.098767321829e-03  9.890111199963e-02  9.099999900886e+00  9.000000991136e-01
 7.400000000000e+00  9.001098767300e+00  1.098767299621e-03  9.890111190750e-02  9.099999900772e+00  9.000000992279e-01
 7.500000000000e+00  9.001098767328e+00  1.098767327560e-03  9.890111202580e-02  9.099999900918e+00  9.000000990817e-01
 7.600000000000e+00  9.001098767351e+00  1.098767351322e-03  9.890111212637e-02  9.099999901043e+00  9.000000989573e-01
 7.700000000000e+00  9.001098767370e+00  1.098767369543e-03  9.890111220346e-02  9.099999901138e+00  9.000000988620e-01
 7.800000000000e+00  9.001098767381e+00  1.098767380862e-03  9.890111225131e-02  9.099999901197e+00  9.000000988029e-01
 7.900000000000e+00  9.001098767384e+00  1.098767383914e-03  9.890111226417e-02  9.099999901213e+00  9.000000987870e-01
 8.000000000000e+00  9.001098767377e+00  1.098767377337e-03  9.890111223629e-02  9.099999901179e+00  9.000000988214e-01
 8.100000000000e+00  9.001098767360e+00  1.098767359768e-03  9.890111216190e-02  9.099999901087e+00  9.000000989134e-01
 8.200000000000e+00  9.001098767330e+00  1.098767329844e-03  9.890111203526e-02  9.099999900930e+00  9.000000990699e-01
 8.300000000000e+00  9.001098767286e+00  1.098767286202e-03  9.890111185061e-02  9.099999900702e+00  9.000000992982e-01
 8.400000000000e+00  9.001098767227e+00  1.098767227479e-03  9.890111160219e-02  9.099999900395e+00  9.000000996054e-01
 8.500000000000e+00  9.001098767177e+00  1.098767176663e-03  9.890111138714e-02  9.099999900129e+00  9.000000998712e-01
 8.600000000000e+00  9.001098767165e+00  1.098767164953e-03  9.890111133729e-02  9.099999900067e+00  9.000000999328e-01
 8.700000000000e+00  9.001098767154e+00  1.098767153523e-03  9.890111128860e-02  9.099999900007e+00  9.000000999929e-01
 8.800000000000e+00  9.001098767143e+00  1.098767142540e-03  9.890111124177e-02  9.099999899949e+00  9.000001000507e-01
 8.900000000000e+00  9.001098767132e+00  1.098767132172e-03  9.890111119751e-02  9.099999899895e+00  9.000001001054e-01
 9.000000000000e+00  9.001098767123e+00  1.098767122584e-03  9.890111115653e-02  9.099999899844e+00  9.000001001559e-01
 9.100000000000e+00  9.001098767114e+00  1.098767113943e-03  9.890111111954e-02  9.099999899798e+00  9.000001002015e-01
 9.200000000000e+00  9.001098767106e+00  1.098767106418e-03  9.890111108725e-02  9.099999899759e+00  9.000001002414e-01
 9.300000000000e+00  9.001098767100e+00  1.098767100174e-03  9.890111106036e-02  9.099999899726e+00  9.000001002745e-01
 9.400000000000e+00  9.001098767095e+00  1.098767095379e-03  9.890111103960e-02  9.099999899700e+00  9.000001003001e-01
 9.500000000000e+00  9.001098767092e+00  1.098767092198e-03  9.890111102566e-02  9.099999899683e+00  9.000001003172e-01
 9.600000000000e+00  9.001098767091e+00  1.098767090801e-03  9.890111101925e-02  9.099999899675e+00  9.000001003250e-01
 9.700000000000e+00  9.001098767086e+00  1.098767085783e-03  9.890111099766e-02  9.099999899648e+00  9.000001003516e-01
 9.800000000000e+00  9.001098767081e+00  1.098767081429e-03  9.890111097890e-02  9.099999899625e+00  9.000001003747e-01
 9.900000000000e+00  9.001098767078e+00  1.098767077825e-03  9.890111096336e-02  9.099999899606e+00  9.000001003938e-01
 1.000000000000e+01  9.001098767075e+00  1.098767075021e-03  9.890111095125e-02  9.099999899591e+00  9.000001004088e-01
 1.010000000000e+01  9.001098767073e+00  1.098767073072e-03  9.890111094280e-02  9.099999899581e+00  9.000001004191e-01
 1.020000000000e+01  9.001098767072e+00  1.098767072027e-03  9.890111093824e-02  9.099999899575e+00  9.000001004248e-01
 1.030000000000e+01  9.001098767072e+00  1.098767071941e-03  9.890111093780e-02  9.099999899575e+00  9.000001004253e-01
 1.040000000000e+01  9.001098767073e+00  1.098767072864e-03  9.890111094169e-02  9.099999899580e+00  9.000001004205e-01
 1.050000000000e+01  9.001098767075e+00  1.098767074848e-03  9.890111095015e-02  9.099999899590e+00  9.000001004100e-01
 1.060000000000e+01  9.001098767078e+00  1.098767077947e-03  9.890111096340e-02  9.099999899606e+00  9.000001003937e-01
 1.070000000000e+01  9.001098767082e+00  1.098767082211e-03  9.890111098167e-02  9.099999899629e+00  9.000001003711e-01
 1.080000000000e+01  9.001098767079e+00  1.098767079212e-03  9.890111096873e-02  9.099999899613e+00  9.000001003871e-01
 1.090000000000e+01  9.001098767072e+00  1.098767071835e-03  9.890111093699e-02  9.099999899574e+00  9.000001004262e-01
 1.100000000000e+01  9.001098767065e+00  1.098767064844e-03  9.890111090690e-02  9.099999899537e+00  9.000001004633e-01
 1.110000000000e+01  9.001098767058e+00  1.098767058240e-03  9.890111087848e-02  9.099999899502e+00  9.000001004983e-01
 1.120000000000e+01  9.001098767052e+00  1.098767052021e-03  9.890111085172e-02  9.099999899469e+00  9.000001005313e-01
 1.130000000000e+01  9.001098767046e+00  1.098767046187e-03  9.890111082661e-02  9.099999899438e+00  9.000001005622e-01
 1.140000000000e+01  9.001098767041e+00  1.098767040740e-03  9.890111080317e-02  9.099999899409e+00  9.000001005911e-01
 1.150000000000e+01  9.001098767036e+00  1.098767035678e-03  9.890111078139e-02  9.099999899382e+00  9.000001006179e-01
 1.160000000000e+01  9.001098767031e+00  1.098767031003e-03  9.890111076127e-02  9.099999899357e+00  9.000001006427e-01
 1.170000000000e+01  9.001098767027e+00  1.098767026713e-03  9.890111074280e-02  9.099999899335e+00  9.000001006655e-01
 1.180000000000e+01  9.001098767023e+00  1.098767022808e-03  9.890111072600e-02  9.099999899314e+00  9.000001006862e-01
 1.190000000000e+01  9.001098767019e+00  1.098767019290e-03  9.890111071086e-02  9.099999899295e+00  9.000001007049e-01
 1.200000000000e+01  9.001098767016e+00  1.098767016158e-03  9.890111069737e-02  9.099999899279e+00  9.000001007215e-01
 1.210000000000e+01  9.001098767013e+00  1.098767013411e-03  9.890111068555e-02  9.099999899264e+00  9.000001007360e-01
 1.220000000000e+01  9.001098767011e+00  1.098767011050e-03  9.890111067539e-02  9.099999899251e+00  9.000001007486e-01
 1.230000000000e+01  9.001098767009e+00  1.098767009075e-03  9.890111066689e-02  9.099999899241e+00  9.000001007590e-01
 1.240000000000e+01  9.001098767007e+00  1.098767007486e-03  9.890111066004e-02  9.099999899233e+00  9.000001007675e-01
 1.250000000000e+01  9.001098767006e+00  1.098767006283e-03  9.890111065486e-02  9.099999899226e+00  9.000001007739e-01
 1.260000000000e+01  9.001098767005e+00  1.098767005465e-03  9.890111065134e-02  9.099999899222e+00  9.000001007782e-01
 1.270000000000e+01  9.001098767005e+00  1.098767005033e-03  9.890111064948e-02  9.099999899220e+00  9.000001007805e-01
 1.280000000000e+01  9.001098767005e+00  1.098767004987e-03  9.890111064927e-02  9.099999899219e+00  9.000001007807e-01
 1.290000000000e+01  9.001098767005e+00  1.098767005327e-03  9.890111065073e-02  9.099999899221e+00  9.000001007789e-01
 1.300000000000e+01  9.001098767006e+00  1.098767006053e-03  9.890111065385e-02  9.099999899225e+00  9.000001007751e-01
 1.310000000000e+01  9.001098767007e+00  1.098767007164e-03  9.890111065863e-02  9.099999899231e+00  9.000001007692e-01
 1.320000000000e+01  9.001098767009e+00  1.098767008662e-03  9.890111066507e-02  9.099999899239e+00  9.000001007613e-01
 1.330000000000e+01  9.001098767011e+00  1.098767010545e-03  9.890111067316e-02  9.099999899249e+00  9.000001007513e-01
 1.340000000000e+01  9.001098767013e+00  1.098767012814e-03  9.890111068292e-02  9.099999899261e+00  9.000001007393e-01
 1.350000000000e+01  9.001098767015e+00  1.098767015469e-03  9.890111069434e-02  9.099999899275e+00  9.000001007252e-01
 1.360000000000e+01  9.001098767019e+00  1.098767018509e-03  9.890111070742e-02  9.099999899291e+00  9.000001007091e-01
 1.370000000000e+01  9.001098767022e+00  1.098767021936e-03  9.890111072216e-02  9.099999899309e+00  9.000001006909e-01
 1.380000000000e+01  9.001098767026e+00  1.098767025748e-03  9.890111073855e-02  9.099999899329e+00  9.000001006707e-01
 1.390000000000e+01  9.001098767030e+00  1.098767029946e-03  9.890111075661e-02  9.099999899352e+00  9.000001006485e-01
 1.400000000000e+01  9.001098767035e+00  1.098767034530e-03  9.890111077633e-02  9.099999899376e+00  9.000001006241e-01
 1.410000000000e+01  9.001098767039e+00  1.098767039500e-03  9.890111079771e-02  9.099999899402e+00  9.000001005978e-01
 1.420000000000e+01  9.001098767045e+00  1.098767044855e-03  9.890111082075e-02  9.099999899431e+00  9.000001005694e-01
 1.430000000000e+01  9.001098767051e+00  1.098767050597e-03  9.890111084545e-02  9.099999899461e+00  9.000001005390e-01
 1.440000000000e+01  9.001098767057e+00  1.098767056724e-03  9.890111087180e-02  9.099999899494e+00  9.000001005065e-01
 1.450000000000e+01  9.001098767063e+00  1.098767063237e-03  9.890111089982e-02  9.099999899528e+00  9.000001004720e-01
 1.460000000000e+01  9.001098767070e+00  1.098767070136e-03  9.890111092950e-02  9.099999899565e+00  9.000001004354e-01
 1.470000000000e+01  9.001098767077e+00  1.098767077420e-03  9.890111096084e-02  9.099999899603e+00  9.000001003968e-01
 1.480000000000e+01  9.001098767081e+00  1.098767081358e-03  9.890111097778e-02  9.099999899624e+00  9.000001003759e-01
 1.490000000000e+01  9.001098767081e+00  1.098767081437e-03  9.890111097812e-02  9.099999899625e+00  9.000001003755e-01
 1.500000000000e+01  9.001098767082e+00  1.098767081523e-03  9.890111097850e-02  9.099999899625e+00  9.000001003750e-01
 1.510000000000e+01  9.001098767082e+00  1.098767081616e-03  9.890111097890e-02  9.099999899626e+00  9.000001003745e-01
 1.520000000000e+01  9.001098767082e+00  1.098767081716e-03  9.890111097933e-02  9.099999899626e+00  9.000001003740e-01
 1.530000000000e+01  9.001098767082e+00  1.098767081823e-03  9.890111097980e-02  9.099999899627e+00  9.000001003734e-01
 1.540000000000e+01  9.001098767082e+00  1.098767081938e-03  9.890111098029e-02  9.099999899627e+00  9.000001003728e-01
 1.550000000000e+01  9.001098767082e+00  1.098767082059e-03  9.890111098082e-02  9.099999899628e+00  9.000001003721e-01
 1.560000000000e+01  9.001098767082e+00  1.098767082187e-03  9.890111098137e-02  9.099999899629e+00  9.000001003715e-01
 1.570000000000e+01  9.001098767082e+00  1.098767082322e-03  9.890111098196e-02  9.099999899629e+00  9.000001003707e-01
 1.580000000000e+01  9.001098767082e+00  1.098767082464e-03  9.890111098258e-02  9.099999899630e+00  9.000001003700e-01
 1.590000000000e+01  9.001098767083e+00  1.098767082613e-03  9.890111098323e-02  9.099999899631e+00  9.000001003692e-01
 1.600000000000e+01  9.001098767083e+00  1.098767082769e-03  9.890111098390e-02  9.099999899632e+00  9.000001003683e-01
 1.610000000000e+01  9.001098767083e+00  1.098767082932e-03  9.890111098461e-02  9.099999899633e+00  9.000001003675e-01
 1.620000000000e+01  9.001098767083e+00  1.098767083103e-03  9.890111098535e-02  9.099999899633e+00  9.000001003666e-01
 1.630000000000e+01  9.001098767083e+00  1.098767083280e-03  9.890111098612e-02  9.099999899634e+00  9.000001003656e-01
 1.640000000000e+01  9.001098767083e+00  1.098767083464e-03  9.890111098692e-02  9.099999899635e+00  9.000001003646e-01
 1.650000000000e+01  9.001098767084e+00  1.098767083655e-03  9.890111098775e-02  9.099999899636e+00  9.000001003636e-01
 1.660000000000e+01  9.001098767084e+00  1.098767083853e-03  9.890111098861e-02  9.099999899637e+00  9.000001003625e-01
 1.670000000000e+01  9.001098767084e+00  1.098767084059e-03  9.890111098950e-02  9.099999899639e+00  9.000001003614e-01
 1.680000000000e+01  9.001098767084e+00  1.098767084271e-03  9.890111099043e-02  9.099999899640e+00  9.000001003603e-01
 1.690000000000e+01  9.001098767084e+00  1.098767084490e-03  9.890111099138e-02  9.099999899641e+00  9.000001003591e-01
 1.700000000000e+01  9.001098767085e+00  1.098767084716e-03  9.890111099236e-02  9.099999899642e+00  9.000001003579e-01
 1.710000000000e+01  9.001098767085e+00  1.098767084950e-03  9.890111099338e-02  9.099999899643e+00  9.000001003567e-01
 1.720000000000e+01  9.001098767085e+00  1.098767085190e-03  9.890111099442e-02  9.099999899645e+00  9.000001003554e-01
 1.730000000000e+01  9.001098767085e+00  1.098767085437e-03  9.890111099549e-02  9.099999899646e+00  9.000001003541e-01
 1.740000000000e+01  9.001098767086e+00  1.098767085692e-03  9.890111099660e-02  9.099999899647e+00  9.000001003527e-01
 1.750000000000e+01  9.001098767086e+00  1.098767085953e-03  9.890111099774e-02  9.099999899649e+00  9.000001003513e-01
 1.760000000000e+01  9.001098767086e+00  1.098767086221e-03  9.890111099890e-02  9.099999899650e+00  9.000001003499e-01
 1.770000000000e+01  9.001098767086e+00  1.098767086497e-03  9.890111100010e-02  9.099999899652e+00  9.000001003484e-01
 1.780000000000e+01  9.001098767087e+00  1.098767086779e-03  9.890111100133e-02  9.099999899653e+00  9.000001003469e-01
 1.790000000000e+01  9.001098767087e+00  1.098767087069e-03  9.890111100258e-02  9.099999899655e+00  9.000001003454e-01
 1.800000000000e+01  9.001098767087e+00  1.098767087365e-03  9.890111100387e-02  9.099999899656e+00  9.000001003438e-01
 1.810000000000e+01  9.001098767088e+00  1.098767087668e-03  9.890111100519e-02  9.099999899658e+00  9.000001003422e-01
 1.820000000000e+01  9.001098767088e+00  1.098767087979e-03  9.890111100654e-02  9.099999899660e+00  9.000001003405e-01
 1.830000000000e+01  9.001098767088e+00  1.098767088296e-03  9.890111100792e-02  9.099999899661e+00  9.000001003388e-01
 1.840000000000e+01  9.001098767089e+00  1.098767088621e-03  9.890111100933e-02  9.099999899663e+00  9.000001003371e-01
 1.850000000000e+01  9.001098767089e+00  1.098767088952e-03  9.890111101077e-02  9.099999899665e+00  9.000001003353e-01
 1.860000000000e+01  9.001098767089e+00  1.098767089291e-03  9.890111101224e-02  9.099999899667e+00  9.000001003335e-01
 1.870000000000e+01  9.001098767090e+00  1.098767089636e-03  9.890111101374e-02  9.099999899668e+00  9.000001003316e-01
 1.880000000000e+01  9.001098767090e+00  1.098767089888e-03  9.890111101484e-02  9.099999899670e+00  9.000001003303e-01
 1.890000000000e+01  9.001098767090e+00  1.098767089942e-03  9.890111101507e-02  9.099999899670e+00  9.000001003300e-01
 1.900000000000e+01  9.001098767090e+00  1.098767089995e-03  9.890111101530e-02  9.099999899670e+00  9.000001003297e-01
 1.910000000000e+01  9.001098767090e+00  1.098767090046e-03  9.890111101552e-02  9.099999899671e+00  9.000001003294e-01
 1.920000000000e+01  9.001098767090e+00  1.098767090096e-03  9.890111101574e-02  9.099999899671e+00  9.000001003292e-01
 1.930000000000e+01  9.001098767090e+00  1.098767090145e-03  9.890111101595e-02  9.099999899671e+00  9.000001003289e-01
 1.940000000000e+01  9.001098767090e+00  1.098767090192e-03  9.890111101616e-02  9.099999899671e+00  9.000001003287e-01
 1.950000000000e+01  9.001098767090e+00  1.098767090238e-03  9.890111101636e-02  9.099999899672e+00  9.000001003284e-01
 1.960000000000e+01  9.001098767090e+00  1.098767090283e-03  9.890111101655e-02  9.099999899672e+00  9.000001003282e-01
 1.970000000000e+01  9.001098767090e+00  1.098767090326e-03  9.890111101674e-02  9.099999899672e+00  9.000001003279e-01
 1.980000000000e+01  9.001098767090e+00  1.098767090368e-03  9.890111101692e-02  9.099999899672e+00  9.000001003277e-01
 1.990000000000e+01  9.001098767090e+00  1.098767090409e-03  9.890111101710e-02  9.099999899672e+00  9.000001003275e-01
 2.000000000000e+01  9.001098767090e+00  1.098767090448e-03  9.890111101727e-02  9.099999899673e+00  9.000001003273e-01
 2.010000000000e+01  9.001098767090e+00  1.098767090485e-03  9.890111101743e-02  9.099999899673e+00  9.000001003271e-01
 2.020000000000e+01  9.001098767091e+00  1.098767090522e-03  9.890111101759e-02  9.099999899673e+00  9.000001003269e-01
 2.030000000000e+01  9.001098767091e+00  1.098767090557e-03  9.890111101774e-02  9.099999899673e+00  9.000001003267e-01
 2.040000000000e+01  9.001098767091e+00  1.098767090590e-03  9.890111101789e-02  9.099999899673e+00  9.000001003265e-01
 2.050000000000e+01  9.001098767091e+00  1.098767090623e-03  9.890111101803e-02  9.099999899674e+00  9.000001003264e-01
 2.060000000000e+01  9.001098767091e+00  1.098767090653e-03  9.890111101816e-02  9.099999899674e+00  9.000001003262e-01
 2.070000000000e+01  9.001098767091e+00  1.098767090683e-03  9.890111101829e-02  9.099999899674e+00  9.000001003260e-01
 2.080000000000e+01  9.001098767091e+00  1.098767090711e-03  9.890111101841e-02  9.099999899674e+00  9.000001003259e-01
 2.090000000000e+01  9.001098767091e+00  1.098767090738e-03  9.890111101853e-02  9.099999899674e+00  9.000001003258e-01
 2.100000000000e+01  9.001098767091e+00  1.098767090763e-03  9.890111101864e-02  9.099999899674e+00  9.000001003256e-01
 2.110000000000e+01  9.001098767091e+00  1.098767090787e-03  9.890111101874e-02  9.099999899675e+00  9.000001003255e-01
 2.120000000000e+01  9.001098767091e+00  1.098767090810e-03  9.890111101884e-02  9.099999899675e+00  9.000001003254e-01
 2.130000000000e+01  9.001098767091e+00  1.098767090831e-03  9.890111101893e-02  9.099999899675e+00  9.000001003253e-01
 2.140000000000e+01  9.001098767091e+00  1.098767090851e-03  9.890111101902e-02  9.099999899675e+00  9.000001003251e-01
 2.150000000000e+01  9.001098767091e+00  1.098767090869e-03  9.890111101910e-02  9.099999899675e+00  9.000001003250e-01
 2.160000000000e+01  9.001098767091e+00  1.098767090886e-03  9.890111101917e-02  9.099999899675e+00  9.000001003250e-01
 2.170000000000e+01  9.001098767091e+00  1.098767090902e-03  9.890111101924e-02  9.099999899675e+00  9.000001003249e-01
 2.180000000000e+01  9.001098767091e+00  1.098767090917e-03  9.890111101931e-02  9.099999899675e+00  9.000001003248e-01
 2.190000000000e+01  9.001098767091e+00  1.098767090930e-03  9.890111101936e-02  9.099999899675e+00  9.000001003247e-01
 2.200000000000e+01  9.001098767091e+00  1.098767090941e-03  9.890111101941e-02  9.099999899675e+00  9.000001003247e-01
 2.210000000000e+01  9.001098767091e+00  1.098767090951e-03  9.890111101946e-02  9.099999899675e+00  9.000001003246e-01
 2.220000000000e+01  9.001098767091e+00  1.098767090960e-03  9.890111101950e-02  9.099999899675e+00  9.000001003246e-01
 2.230000000000e+01  9.001098767091e+00  1.098767090968e-03  9.890111101953e-02  9.099999899675e+00  9.000001003245e-01
 2.240000000000e+01  9.001098767091e+00  1.098767090974e-03  9.890111101956e-02  9.099999899676e+00  9.000001003245e-01
 2.250000000000e+01  9.001098767091e+00  1.098767090979e-03  9.890111101958e-02  9.099999899676e+00  9.000001003245e-01
 2.260000000000e+01  9.001098767091e+00  1.098767090982e-03  9.890111101959e-02  9.099999899676e+00  9.000001003244e-01
 2.270000000000e+01  9.001098767091e+00  1.098767090984e-03  9.890111101960e-02  9.099999899676e+00  9.000001003244e-01
 2.280000000000e+01  9.001098767091e+00  1.098767090985e-03  9.890111101960e-02  9.099999899676e+00  9.000001003244e-01
 2.290000000000e+01  9.001098767091e+00  1.098767090984e-03  9.890111101960e-02  9.099999899676e+00  9.000001003244e-01
 2.300000000000e+01  9.001098767091e+00  1.098767090982e-03  9.890111101959e-02  9.099999899676e+00  9.000001003244e-01
 2.310000000000e+01  9.001098767091e+00  1.098767090978e-03  9.890111101958e-02  9.099999899676e+00  9.000001003245e-01
 2.320000000000e+01  9.001098767091e+00  1.098767090973e-03  9.890111101956e-02  9.099999899676e+00  9.000001003245e-01
 2.330000000000e+01  9.001098767091e+00  1.098767090967e-03  9.890111101953e-02  9.099999899675e+00  9.000001003245e-01
 2.340000000000e+01  9.001098767091e+00  1.098767090960e-03  9.890111101950e-02  9.099999899675e+00  9.000001003246e-01
 2.350000000000e+01  9.001098767091e+00  1.098767090951e-03  9.890111101946e-02  9.099999899675e+00  9.000001003246e-01
 2.360000000000e+01  9.001098767091e+00  1.098767090940e-03  9.890111101941e-02  9.099999899675e+00  9.000001003247e-01
 2.370000000000e+01  9.001098767091e+00  1.098767090929e-03  9.890111101936e-02  9.099999899675e+00  9.000001003247e-01
 2.380000000000e+01  9.001098767091e+00  1.098767090915e-03  9.890111101931e-02  9.099999899675e+00  9.000001003248e-01
 2.390000000000e+01  9.001098767091e+00  1.098767090901e-03  9.890111101924e-02  9.099999899675e+00  9.000001003249e-01
 2.400000000000e+01  9.001098767091e+00  1.098767090885e-03  9.890111101918e-02  9.099999899675e+00  9.000001003250e-01
 2.410000000000e+01  9.001098767091e+00  1.098767090868e-03  9.890111101910e-02  9.099999899675e+00  9.000001003250e-01
 2.420000000000e+01  9.001098767091e+00  1.098767090849e-03  9.890111101902e-02  9.099999899675e+00  9.000001003251e-01
 2.430000000000e+01  9.001098767091e+00  1.098767090829e-03  9.890111101893e-02  9.099999899675e+00  9.000001003253e-01
 2.440000000000e+01  9.001098767091e+00  1.098767090808e-03  9.890111101884e-02  9.099999899675e+00  9.000001003254e-01
 2.450000000000e+01  9.001098767091e+00  1.098767090785e-03  9.890111101874e-02  9.099999899675e+00  9.000001003255e-01
 2.460000000000e+01  9.001098767091e+00  1.098767090761e-03  9.890111101864e-02  9.099999899674e+00  9.000001003256e-01
 2.470000000000e+01  9.001098767091e+00  1.098767090736e-03  9.890111101853e-02  9.099999899674e+00  9.000001003258e-01
 2.480000000000e+01  9.001098767091e+00  1.098767090709e-03  9.890111101841e-02  9.099999899674e+00  9.000001003259e-01
 2.490000000000e+01  9.001098767091e+00  1.098767090680e-03  9.890111101829e-02  9.099999899674e+00  9.000001003260e-01
 2.500000000000e+01  9.001098767091e+00  1.098767090651e-03  9.890111101816e-02  9.099999899674e+00  9.000001003262e-01
 2.510000000000e+01  9.001098767091e+00  1.098767090620e-03  9.890111101803e-02  9.099999899674e+00  9.000001003264e-01
 2.520000000000e+01  9.001098767091e+00  1.098767090588e-03  9.890111101789e-02  9.099999899673e+00  9.000001003265e-01
 2.530000000000e+01  9.001098767091e+00  1.098767090554e-03  9.890111101774e-02  9.099999899673e+00  9.000001003267e-01
 2.540000000000e+01  9.001098767091e+00  1.098767090519e-03  9.890111101759e-02  9.099999899673e+00  9.000001003269e-01
 2.550000000000e+01  9.001098767090e+00  1.098767090482e-03  9.890111101743e-02  9.099999899673e+00  9.000001003271e-01
 2.560000000000e+01  9.001098767090e+00  1.098767090444e-03  9.890111101727e-02  9.099999899673e+00  9.000001003273e-01
 2.570000000000e+01  9.001098767090e+00  1.098767090405e-03  9.890111101710e-02  9.099999899672e+00  9.000001003275e-01
 2.580000000000e+01  9.001098767090e+00  1.098767090365e-03  9.890111101692e-02  9.099999899672e+00  9.000001003277e-01
 2.590000000000e+01  9.001098767090e+00  1.098767090331e-03  9.890111101678e-02  9.099999899672e+00  9.000001003279e-01
 2.600000000000e+01  9.001098767090e+00  1.098767090331e-03  9.890111101678e-02  9.099999899672e+00  9.000001003279e-01
 2.610000000000e+01  9.001098767090e+00  1.098767090331e-03  9.890111101678e-02  9.099999899672e+00  9.000001003279e-01
 2.620000000000e+01  9.001098767090e+00  1.098767090331e-03  9.890111101678e-02  9.099999899672e+00  9.000001003279e-01
 2.630000000000e+01  9.001098767090e+00  1.098767090331e-03  9.890111101678e-02  9.099999899672e+00  9.000001003279e-01
 2.640000000000e+01  9.001098767090e+00  1.098767090331e-03  9.890111101678e-02  9.099999899672e+00  9.000001003279e-01
 2.650000000000e+01  9.001098767090e+00  1.098767090331e-03  9.890111101678e-02  9.099999899672e+00  9.000001003279e-01
 2.660000000000e+01  9.001098767090e+00  1.098767090331e-03  9.890111101678e-02  9.099999899672e+00  9.000001003279e-01
 2.670000000000e+01  9.001098767090e+00  1.098767090331e-03  9.890111101678e-02  9.099999899672e+00  9.000001003279e-01
 2.680000000000e+01  9.001098767090e+00  1.098767090331e-03  9.890111101678e-02  9.099999899672e+00  9.000001003279e-01
 2.690000000000e+01  9.001098767090e+00  1.098767090331e-03  9.890111101678e-02  9.099999899672e+00  9.000001003279e-01
 2.700000000000e+01  9.001098767090e+00  1.098767090331e-03  9.890111101678e-02  9.099999899672e+00  9.000001003279e-01
 2.710000000000e+01  9.001098767090e+00  1.098767090331e-03  9.890111101678e-02  9.099999899672e+00  9.000001003279e-01
 2.720000000000e+01  9.001098767090e+00  1.098767090331e-03  9.890111101678e-02  9.099999899672e+00  9.000001003279e-01
 2.730000000000e+01  9.001098767090e+00  1.098767090330e-03  9.890111101678e-02  9.099999899672e+00  9.000001003279e-01
 2.740000000000e+01  9.001098767090e+00  1.098767090330e-03  9.890111101678e-02  9.099999899672e+00  9.000001003279e-01
 2.750000000000e+01  9.001098767090e+00  1.098767090330e-03  9.890111101678e-02  9.099999899672e+00  9.000001003279e-01
 2.760000000000e+01  9.001098767090e+00  1.098767090330e-03  9.890111101678e-02  9.099999899672e+00  9.000001003279e-01
 2.770000000000e+01  9.001098767090e+00  1.098767090330e-03  9.890111101678e-02  9.099999899672e+00  9.000001003279e-01
 2.780000000000e+01  9.001098767090e+00  1.098767090330e-03  9.890111101677e-02  9.099999899672e+00  9.000001003279e-01
 2.790000000000e+01  9.001098767090e+00  1.098767090330e-03  9.890111101677e-02  9.099999899672e+00  9.000001003279e-01
 2.800000000000e+01  9.001098767090e+00  1.098767090330e-03  9.890111101677e-02  9.099999899672e+00  9.000001003279e-01
 2.810000000000e+01  9.001098767090e+00  1.098767090330e-03  9.890111101677e-02  9.099999899672e+00  9.000001003279e-01
 2.820000000000e+01  9.001098767090e+00  1.098767090330e-03  9.890111101677e-02  9.099999899672e+00  9.000001003279e-01
 2.830000000000e+01  9.001098767090e+00  1.098767090330e-03  9.890111101677e-02  9.099999899672e+00  9.000001003279e-01
 2.840000000000e+01  9.001098767090e+00  1.098767090330e-03  9.890111101677e-02  9.099999899672e+00  9.000001003279e-01
 2.850000000000e+01  9.001098767090e+00  1.098767090330e-03  9.890111101677e-02  9.099999899672e+00  9.000001003279e-01
 2.860000000000e+01  9.001098767090e+00  1.098767090330e-03  9.890111101677e-02  9.099999899672e+00  9.000001003279e-01
 2.870000000000e+01  9.001098767090e+00  1.098767090329e-03  9.890111101677e-02  9.099999899672e+00  9.000001003279e-01
 2.880000000000e+01  9.001098767090e+00  1.098767090329e-03  9.890111101677e-02  9.099999899672e+00  9.000001003279e-01
 2.890000000000e+01  9.001098767090e+00  1.098767090329e-03  9.890111101677e-02  9.099999899672e+00  9.000001003279e-01
 2.900000000000e+01  9.001098767090e+00  1.098767090329e-03  9.890111101677e-02  9.099999899672e+00  9.000001003279e-01
 2.910000000000e+01  9.001098767090e+00  1.098767090329e-03  9.890111101677e-02  9.099999899672e+00  9.000001003279e-01
 2.920000000000e+01  9.001098767090e+00  1.098767090329e-03  9.890111101677e-02  9.099999899672e+00  9.000001003279e-01
 2.930000000000e+01  9.001098767090e+00  1.098767090329e-03  9.890111101677e-02  9.099999899672e+00  9.000001003279e-01
 2.940000000000e+01  9.001098767090e+00  1.098767090329e-03  9.890111101677e-02  9.099999899672e+00  9.000001003279e-01
 2.950000000000e+01  9.001098767090e+00  1.098767090329e-03  9.890111101677e-02  9.099999899672e+00  9.000001003279e-01
 2.960000000000e+01  9.001098767090e+00  1.098767090329e-03  9.890111101677e-02  9.099999899672e+00  9.000001003279e-01
 2.970000000000e+01  9.001098767090e+00  1.098767090329e-03  9.890111101677e-02  9.099999899672e+00  9.000001003279e-01
 2.980000000000e+01  9.001098767090e+00  1.098767090329e-03  9.890111101677e-02  9.099999899672e+00  9.000001003279e-01
 2.990000000000e+01  9.001098767090e+00  1.098767090329e-03  9.890111101677e-02  9.099999899672e+00  9.000001003279e-01
 3.000000000000e+01  9.001098767090e+00  1.098767090329e-03  9.890111101677e-02  9.099999899672e+00  9.000001003279e-01
