              time               Lfree               Rfree                  LR               Sfree                 LRS                LRSp                  Sp               mSOCS                SOCS               pSTAT
 0.000000000000e+00  1.000000000000e+01  1.000000000000e+00  0.000000000000e+00  1.000000000000e+01  0.000000000000e+00  0.000000000000e+00  0.000000000000e+00  0.000000000000e+00  0.000000000000e+00  0.000000000000e+00
 5.000000000000e-01  9.011876022477e+00  1.187602247698e-02  1.286570590403e-01  9.101925779241e+00  6.624899082909e-01  1.969769480858e-01  3.433446514052e-02  4.512568624788e-04  3.857832587072e-06  2.355843124712e-01
 1.000000000000e+00  9.001253150571e+00  1.253150570729e-03  1.009074139473e-01  8.924121076050e+00  5.435631106072e-01  3.542762627686e-01  1.411626049360e-01  9.098862212308e-03  1.748933277812e-04  5.323158133465e-01
 1.500000000000e+00  9.001132011633e+00  1.132011632896e-03  1.021472001971e-01  8.740830459090e+00  4.827583660288e-01  4.139623600352e-01  2.642373113409e-01  4.089046505650e-02  1.287747355232e-03  7.764111748847e-01
 2.000000000000e+00  9.001152360221e+00  1.152360221210e-03  1.041875202187e-01  8.545950138785e+00  4.593281699193e-01  4.353318875347e-01  3.877504479246e-01  1.046623521220e-01  4.717847090351e-03  9.947216912988e-01
 2.500000000000e+00  9.001176076663e+00  1.176076662641e-03  1.063438202309e-01  8.350812071837e+00  4.499630890866e-01  4.425169519138e-01  5.118172634720e-01  2.014444536765e-01  1.203815181183e-02  1.199224839080e+00
 3.000000000000e+00  9.001200483576e+00  1.200483576094e-03  1.085500372071e-01  8.159903091428e+00  4.457884760595e-01  4.444609410512e-01  6.377567906905e-01  3.278837445251e-01  2.471081461366e-02  1.394308432516e+00
 3.500000000000e+00  9.001225211027e+00  1.225211026731e-03  1.107804511129e-01  7.974960288005e+00  4.435281569729e-01  4.444661187814e-01  7.657613660723e-01  4.789912023358e-01  4.394739091519e-02  1.581511555026e+00
 4.000000000000e+00  9.001250085625e+00  1.250085624947e-03  1.130215262085e-01  7.796673878359e+00  4.419753288515e-01  4.437529972090e-01  8.951816748210e-01  6.495964269740e-01  7.067475499931e-02  1.761350792793e+00
 4.500000000000e+00  9.001275000929e+00  1.275000928949e-03  1.152645015978e-01  7.625309054866e+00  4.406864965966e-01  4.427739387705e-01  1.025012266714e+00  8.349789208511e-01  1.055512312555e-01  1.934004448541e+00
 5.000000000000e+00  9.001299878409e+00  1.299878409041e-03  1.175026758209e-01  7.460936998994e+00  4.394996768075e-01  4.416977068564e-01  1.154199890660e+00  1.031079498492e+00  1.490018329178e-01  2.099563324202e+00
 5.500000000000e+00  9.001324652997e+00  1.324652997066e-03  1.197303883866e-01  7.303525579867e+00  4.383565767259e-01  4.405883197844e-01  1.281795908759e+00  1.234518708287e+00  2.012576325945e-01  2.258117843410e+00
 6.000000000000e+00  9.001349267588e+00  1.349267587963e-03  1.219426293270e-01  7.152979125356e+00  4.372370042258e-01  4.394710367531e-01  1.407014481740e+00  1.442535435603e+00  2.623927861703e-01  2.409783870421e+00
 6.500000000000e+00  9.001373670844e+00  1.373670844165e-03  1.241348797224e-01  7.009159031908e+00  4.361347518731e-01  4.383566354542e-01  1.529240846994e+00  1.652899621524e+00  3.323568115373e-01  2.554706216223e+00
 7.000000000000e+00  9.001397816206e+00  1.397816205956e-03  1.263030369068e-01  6.871896558927e+00  4.350486385603e-01  4.372504462208e-01  1.648016592732e+00  1.863823839924e+00  4.110016658089e-01  2.693054802516e+00
 7.500000000000e+00  9.001421661357e+00  1.421661357188e-03  1.284433719494e-01  6.741001809041e+00  4.339792201082e-01  4.361556844792e-01  1.763016318176e+00  2.073883540532e+00  4.981040166774e-01  2.825018970854e+00
 8.000000000000e+00  9.001445167887e+00  1.445167886833e-03  1.305525016723e-01  6.616270425615e+00  4.329276149777e-01  4.350746533571e-01  1.874023215348e+00  2.281949313751e+00  5.933832767785e-01  2.950801959411e+00
 8.500000000000e+00  9.001468301028e+00  1.468301028188e-03  1.326273662013e-01  6.497488745508e+00  4.318950526312e-01  4.340092180332e-01  1.980906878066e+00  2.487131095622e+00  6.965161383379e-01  3.070616201864e+00
 9.000000000000e+00  9.001491029465e+00  1.491029464730e-03  1.346652129117e-01  6.384437799132e+00  4.308827070192e-01  4.329609884983e-01  2.083604586258e+00  2.688732694973e+00  8.071483084088e-01  3.184679493853e+00
 9.500000000000e+00  9.001513325152e+00  1.513325152327e-03  1.366635804438e-01  6.276896384015e+00  4.298916513192e-01  4.319313809786e-01  2.182105946281e+00  2.886215215253e+00  9.249038936961e-01  3.293211964669e+00
 1.000000000000e+01  9.001535163190e+00  1.535163189659e-03  1.386202875463e-01  6.174643442664e+00  4.289228351502e-01  4.309216520077e-01  2.276440650551e+00  3.079167594780e+00  1.049392951434e+00  3.396433722189e+00
 1.050000000000e+01  9.001556521669e+00  1.556521669402e-03  1.405334206029e-01  6.077459877299e+00  4.279770851071e-01  4.299329105146e-01  2.366668803515e+00  3.267282898612e+00  1.180217536320e+00  3.494563037598e+00
 1.100000000000e+01  9.001577381585e+00  1.577381585249e-03  1.424013236482e-01  5.985129934259e+00  4.270551044617e-01  4.289661281988e-01  2.452873308068e+00  3.450339171441e+00  1.316976549671e+00  3.587814961283e+00
 1.150000000000e+01  9.001597726688e+00  1.597726688099e-03  1.442225885838e-01  5.897442245550e+00  4.261574770091e-01  4.280221456129e-01  2.535153907803e+00  3.628183924535e+00  1.459269615146e+00  3.676400277444e+00
 1.200000000000e+01  9.001617543400e+00  1.617543399621e-03  1.459960426957e-01  5.814190601177e+00  4.252846739470e-01  4.271016778517e-01  2.613622507740e+00  3.800721509342e+00  1.606700168207e+00  3.760524724880e+00
 1.250000000000e+01  9.001636820670e+00  1.636820670331e-03  1.477207425711e-01  5.735174515670e+00  4.244370542407e-01  4.262053204118e-01  2.688399514222e+00  3.967902816236e+00  1.758877901043e+00  3.840388430093e+00
 1.300000000000e+01  9.001655549907e+00  1.655549906738e-03  1.493959589041e-01  5.660199620954e+00  4.236148754967e-01  4.253335535864e-01  2.759610960719e+00  4.129716818784e+00  1.915420686667e+00  3.916185503553e+00
 1.350000000000e+01  9.001673724805e+00  1.673724804705e-03  1.510211695367e-01  5.589077947175e+00  4.228182950867e-01  4.244867484658e-01  2.827386218435e+00  4.286183493064e+00  2.075956108624e+00  3.988103757742e+00
 1.400000000000e+01  9.001691341229e+00  1.691341228805e-03  1.525960434736e-01  5.521628071031e+00  4.220473803375e-01  4.236651728540e-01  2.891856277819e+00  4.437348174953e+00  2.240122573264e+00  4.056324548635e+00
 1.450000000000e+01  9.001708397104e+00  1.708397104135e-03  1.541204336895e-01  5.457675201614e+00  4.213021103698e-01  4.228689967306e-01  2.953152346246e+00  4.583276785865e+00  2.407570167141e+00  4.121022688020e+00
 1.500000000000e+01  9.001724892299e+00  1.724892298886e-03  1.555943646490e-01  5.397051204149e+00  4.205823834864e-01  4.220982974597e-01  3.011404739181e+00  4.724051776329e+00  2.577961303653e+00  4.182366412369e+00
 1.550000000000e+01  9.001740828453e+00  1.740828453265e-03  1.570180175327e-01  5.339594561915e+00  4.198880256671e-01  4.213530662409e-01  3.066742059803e+00  4.859768830321e+00  2.750971144275e+00  4.240517412421e+00
 1.600000000000e+01  9.001756208864e+00  1.756208864276e-03  1.583917211894e-01  5.285150305520e+00  4.192187933991e-01  4.206332144412e-01  3.119290546205e+00  4.990534087461e+00  2.926287865704e+00  4.295630901084e+00
 1.650000000000e+01  9.001771038365e+00  1.771038365051e-03  1.597159386877e-01  5.233569905955e+00  4.185743817083e-01  4.199385791328e-01  3.169173573978e+00  5.116461824807e+00  3.103612792789e+00  4.347855712340e+00
 1.700000000000e+01  9.001785323159e+00  1.785323159000e-03  1.609912546502e-01  5.184711145485e+00  4.179544306080e-01  4.192689294767e-01  3.216511282258e+00  5.237672492815e+00  3.282660429677e+00  4.397334423911e+00
 1.750000000000e+01  9.001799070715e+00  1.799070715311e-03  1.622183653576e-01  5.138437970807e+00  4.173585289481e-01  4.186239728729e-01  3.261420303784e+00  5.354291080286e+00  3.463158396715e+00  4.444203500249e+00
 1.800000000000e+01  9.001812289634e+00  1.812289633488e-03  1.633980652243e-01  5.094620327902e+00  4.167862224149e-01  4.180033606213e-01  3.304013572917e+00  5.466445746405e+00  3.644847293397e+00  4.488593449687e+00
 1.850000000000e+01  9.001824989501e+00  1.824989500823e-03  1.645312362810e-01  5.053133990106e+00  4.162370180764e-01  4.174066940357e-01  3.344400194074e+00  5.574266656102e+00  3.827480507699e+00  4.530628991821e+00
 1.900000000000e+01  9.001837180797e+00  1.837180797037e-03  1.656188381602e-01  5.013860377697e+00  4.157103889300e-01  4.168335300067e-01  3.382685369582e+00  5.677885020915e+00  4.010823972762e+00  4.570429233377e+00
 1.950000000000e+01  9.001848874759e+00  1.848874759301e-03  1.666618958989e-01  4.976686370150e+00  4.152057808283e-01  4.162833864075e-01  3.418970366825e+00  5.777432293824e+00  4.194655886888e+00  4.608107849025e+00
 2.000000000000e+01  9.001860083271e+00  1.860083270877e-03  1.676614912782e-01  4.941504119049e+00  4.147226158396e-01  4.157557475052e-01  3.453352511239e+00  5.873039476910e+00  4.378766408854e+00  4.643773265115e+00
 2.050000000000e+01  9.001870818763e+00  1.870818763292e-03  1.686187532123e-01  4.908210858064e+00  4.142602969775e-01  4.152500689408e-01  3.485925228431e+00  5.964836546272e+00  4.562957328258e+00  4.677528844962e+00
 2.100000000000e+01  9.001881094116e+00  1.881094116326e-03  1.695348489985e-01  4.876708712268e+00  4.138182123861e-01  4.147657823930e-01  3.516778069905e+00  6.052952002017e+00  4.747041712816e+00  4.709473075350e+00
 2.150000000000e+01  9.001890922561e+00  1.890922560847e-03  1.704109757224e-01  4.846904508492e+00  4.133957395867e-01  4.143023000239e-01  3.545996807419e+00  6.137512498009e+00  4.930843543633e+00  4.739699751925e+00
 2.200000000000e+01  9.001900317589e+00  1.900317589486e-03  1.712483524253e-01  4.818709588602e+00  4.129922491681e-01  4.138590187111e-01  3.573663505139e+00  6.218642531955e+00  5.114197345898e+00  4.768298162234e+00
 2.250000000000e+01  9.001909292880e+00  1.909292879842e-03  1.720482133870e-01  4.792039626748e+00  4.126071076105e-01  4.134353240166e-01  3.599856595581e+00  6.296464170305e+00  5.296947819800e+00  4.795353265645e+00
 2.300000000000e+01  9.001917862226e+00  1.917862225850e-03  1.728118020188e-01  4.766814449700e+00  4.122396799840e-01  4.130305936653e-01  3.624651017661e+00  6.371096839795e+00  5.478949464839e+00  4.820945870319e+00
 2.350000000000e+01  9.001926039468e+00  1.926039467590e-03  1.735403643739e-01  4.742957859084e+00  4.118893333196e-01  4.126442007328e-01  3.648118233513e+00  6.442657180858e+00  5.660066202235e+00  4.845152807600e+00
 2.400000000000e+01  9.001933838423e+00  1.933838422746e-03  1.742351433190e-01  4.720397459320e+00  4.115554393777e-01  4.122755167744e-01  3.670326484034e+00  6.511258925739e+00  5.840171000378e+00  4.868047101306e+00
 2.450000000000e+01  9.001941272836e+00  1.941272835864e-03  1.748973745097e-01  4.699064491392e+00  4.112373759095e-01  4.119239146389e-01  3.691340758596e+00  6.577012806545e+00  6.019145505574e+00  4.889698132702e+00
 2.500000000000e+01  9.001948356339e+00  1.948356339375e-03  1.755282825937e-01  4.678893671191e+00  4.109345282206e-01  4.115887707402e-01  3.711222999763e+00  6.640026489237e+00  6.196879678509e+00  4.910171800591e+00
 2.550000000000e+01  9.001955102405e+00  1.955102405007e-03  1.761290764684e-01  4.659823030212e+00  4.106462918929e-01  4.112694671276e-01  3.730032123658e+00  6.700404544484e+00  6.373271437010e+00  4.929530677898e+00
 2.600000000000e+01  9.001961524293e+00  1.961524293373e-03  1.767009453245e-01  4.641793763348e+00  4.103720746540e-01  4.109653936221e-01  3.747824281773e+00  6.758248423149e+00  6.548226305869e+00  4.947834162001e+00
 2.650000000000e+01  9.001967635027e+00  1.967635027091e-03  1.772450569202e-01  4.624750082289e+00  4.101112963190e-01  4.106759496276e-01  3.764652784772e+00  6.813656462809e+00  6.721657074876e+00  4.965138621396e+00
 2.700000000000e+01  9.001973447378e+00  1.973447378096e-03  1.777625559873e-01  4.608639076708e+00  4.098633891987e-01  4.104005453299e-01  3.780568471301e+00  6.866723880199e+00  6.893483465418e+00  4.981497534097e+00
 2.750000000000e+01  9.001978973835e+00  1.978973835121e-03  1.782545605005e-01  4.593410575398e+00  4.096278007328e-01  4.101386028255e-01  3.795619507667e+00  6.917542803746e+00  7.063631806186e+00  4.996961623872e+00
 2.800000000000e+01  9.001984226569e+00  1.984226568933e-03  1.787221595838e-01  4.579017013246e+00  4.094039943184e-01  4.098895574228e-01  3.809851676795e+00  6.966202322846e+00  7.232034718714e+00  5.011578992439e+00
 2.850000000000e+01  9.001989217419e+00  1.989217418896e-03  1.791664128652e-01  4.565413306178e+00  4.091914488765e-01  4.096528587333e-01  3.823308530504e+00  7.012788525590e+00  7.398630812327e+00  5.025395244949e+00
 2.900000000000e+01  9.001993957900e+00  1.993957899843e-03  1.795883507932e-01  4.552556733180e+00  4.089896579925e-01  4.094279712084e-01  3.836031415771e+00  7.057384535801e+00  7.563364389708e+00  5.038453608831e+00
 2.950000000000e+01  9.001998459195e+00  1.998459194968e-03  1.799889728856e-01  4.540406820242e+00  4.087981315258e-01  4.092143742876e-01  3.848059525747e+00  7.100070558994e+00  7.726185160977e+00  5.050795048236e+00
 3.000000000000e+01  9.002002732116e+00  2.002732116386e-03  1.803692445959e-01  4.528925226453e+00  4.086163980619e-01  4.090115631198e-01  3.859430121438e+00  7.140923945988e+00  7.887047967501e+00  5.062458375489e+00
 3.050000000000e+01  9.002006787098e+00  2.006787097639e-03  1.807300985342e-01  4.518075635594e+00  4.084440028107e-01  4.088190494513e-01  3.870178335328e+00  7.180019293152e+00  8.045912516425e+00  5.073480361598e+00
 3.100000000000e+01  9.002010634238e+00  2.010634238118e-03  1.810724381344e-01  4.507823658322e+00  4.082805041858e-01  4.086363613356e-01  3.880337702918e+00  7.217428508080e+00  8.202743126076e+00  5.083895837496e+00
 3.150000000000e+01  9.002014283296e+00  2.014283295731e-03  1.813971336918e-01  4.498136734957e+00  4.081254782720e-01  4.084630426344e-01  3.889940028030e+00  7.253220839658e+00  8.357508480545e+00  5.093737786775e+00
 3.200000000000e+01  9.002017743638e+00  2.017743637907e-03  1.817050203518e-01  4.488984041155e+00  4.079785203052e-01  4.082986535990e-01  3.899015349357e+00  7.287462943275e+00  8.510181392476e+00  5.103037438543e+00
 3.250000000000e+01  9.002021024253e+00  2.021024253301e-03  1.819969012092e-01  4.480336401849e+00  4.078392409695e-01  4.081427714619e-01  3.907592234920e+00  7.320218954982e+00  8.660738574544e+00  5.111824357185e+00
 3.300000000000e+01  9.002024133816e+00  2.024133816091e-03  1.822735517951e-01  4.472166205469e+00  4.077072627035e-01  4.079949895792e-01  3.915697503171e+00  7.351550615293e+00  8.809160420994e+00  5.120126531830e+00
 3.350000000000e+01  9.002027080682e+00  2.027080682385e-03  1.825357161705e-01  4.464447320304e+00  4.075822246641e-01  4.078549163770e-01  3.923356899491e+00  7.381517327480e+00  8.955430799315e+00  5.127970455035e+00
 3.400000000000e+01  9.002029872800e+00  2.029872799835e-03  1.827841014443e-01  4.457155019862e+00  4.074637874743e-01  4.077221761756e-01  3.930594688768e+00  7.410176165077e+00  9.099536854101e+00  5.135381192667e+00
 3.450000000000e+01  9.002032517784e+00  2.032517783714e-03  1.830193901797e-01  4.450265915571e+00  4.073516198518e-01  4.075964100786e-01  3.937433706474e+00  7.437581986387e+00  9.241468809498e+00  5.142382464581e+00
 3.500000000000e+01  9.002035023008e+00  2.035023008330e-03  1.832422382351e-01  4.443757878805e+00  4.072454037090e-01  4.074772729415e-01  3.943895627862e+00  7.463787559549e+00  9.381219786099e+00  5.148996717490e+00
 3.550000000000e+01  9.002037395437e+00  2.037395436495e-03  1.834532637152e-01  4.437609970710e+00  4.071448443651e-01  4.073644343771e-01  3.950001229674e+00  7.488843563317e+00  9.518785628626e+00  5.155245184929e+00
 3.600000000000e+01  9.002039641724e+00  2.039641724067e-03  1.836530648917e-01  4.431802398951e+00  4.070496514618e-01  4.072575798164e-01  3.955769850117e+00  7.512798630637e+00  9.654164736855e+00  5.161147949591e+00
 3.650000000000e+01  9.002041768331e+00  2.041768330553e-03  1.838422145511e-01  4.426316442641e+00  4.069595478580e-01  4.071564071543e-01  3.961219846304e+00  7.535699500603e+00  9.787357903538e+00  5.166724009505e+00
 3.700000000000e+01  9.002043781315e+00  2.043781315305e-03  1.840212502546e-01  4.421134386989e+00  4.068742784938e-01  4.070606278302e-01  3.966368775337e+00  7.557591066914e+00  9.918368163348e+00  5.171991334521e+00
 3.750000000000e+01  9.002045686462e+00  2.045686462194e-03  1.841906931546e-01  4.416239493533e+00  4.067935903562e-01  4.069699679209e-01  3.971233147559e+00  7.578516381788e+00  1.004720064790e+01  5.176966916114e+00
 3.800000000000e+01  9.002047489406e+00  2.047489406419e-03  1.843510412015e-01  4.411615939997e+00  4.067172429784e-01  4.068841643077e-01  3.975828534737e+00  7.598516731210e+00  1.017386244401e+01  5.181666817028e+00
 3.850000000000e+01  9.002049195382e+00  2.049195382372e-03  1.845027588057e-01  4.407248751756e+00  4.066450172984e-01  4.068029664075e-01  3.980169601145e+00  7.617631785222e+00  1.029836246099e+01  5.186106230949e+00
 3.900000000000e+01  9.002050809383e+00  2.050809383075e-03  1.846462965380e-01  4.403123779404e+00  4.065766946840e-01  4.067261372889e-01  3.984270451795e+00  7.635899608639e+00  1.042071130733e+01  5.190299525915e+00
 3.950000000000e+01  9.002052336298e+00  2.052336298338e-03  1.847820860484e-01  4.399227655582e+00  4.065120663188e-01  4.066534492284e-01  3.988144338978e+00  7.653356653550e+00  1.054092116984e+01  5.194260278103e+00
 4.000000000000e+01  9.002053780613e+00  2.053780612514e-03  1.849105236972e-01  4.395547729744e+00  4.064509476671e-01  4.065846859170e-01  3.991803566510e+00  7.670037883094e+00  1.065900569661e+01  5.198001322592e+00
 4.050000000000e+01  9.002055146649e+00  2.055146649351e-03  1.850320022308e-01  4.392072055984e+00  4.063931455981e-01  4.065196434158e-01  3.995260131098e+00  7.685976862429e+00  1.077497989000e+01  5.201534798421e+00
 4.100000000000e+01  9.002056438612e+00  2.056438612101e-03  1.851468879817e-01  4.388789341201e+00  4.063384864658e-01  4.064581248344e-01  3.998525103657e+00  7.701205721304e+00  1.088886000467e+01  5.204872172337e+00
 4.150000000000e+01  9.002057660333e+00  2.057660333461e-03  1.852555277133e-01  4.385688907660e+00  4.062868049779e-01  4.063999448693e-01  4.001609052982e+00  7.715755291711e+00  1.100066344722e+01  5.208024287365e+00
 4.200000000000e+01  9.002058815596e+00  2.058815595821e-03  1.853582549528e-01  4.382760669132e+00  4.062379401197e-01  4.063449272256e-01  4.004522006308e+00  7.729655112484e+00  1.111040868506e+01  5.211001390752e+00
 4.250000000000e+01  9.002059907900e+00  2.059907900307e-03  1.854553824767e-01  4.379995091218e+00  4.061917438460e-01  4.062929036709e-01  4.007273361044e+00  7.742933476361e+00  1.121811515727e+01  5.213813164940e+00
 4.300000000000e+01  9.002060940614e+00  2.060940613684e-03  1.855472099923e-01  4.377383165518e+00  4.061480718482e-01  4.062437154398e-01  4.009872071453e+00  7.755617506845e+00  1.132380319059e+01  5.216468762637e+00
 4.350000000000e+01  9.002061916924e+00  2.061916923535e-03  1.856340204902e-01  4.374916379169e+00  4.061067893951e-01  4.061972110852e-01  4.012326557901e+00  7.767733176376e+00  1.142749392080e+01  5.218976831439e+00
 4.400000000000e+01  9.002062839837e+00  2.062839836987e-03  1.857160827118e-01  4.372586688343e+00  4.060677681970e-01  4.061532471482e-01  4.014644793379e+00  7.779305366984e+00  1.152920921711e+01  5.221345543464e+00
 4.450000000000e+01  9.002063712235e+00  2.063712234642e-03  1.857936519827e-01  4.370386493081e+00  4.060308860750e-01  4.061116876016e-01  4.016834318669e+00  7.790357910405e+00  1.162897161134e+01  5.223582620847e+00
 4.500000000000e+01  9.002064536839e+00  2.064536838748e-03  1.858669702395e-01  4.368308612472e+00  4.059960274844e-01  4.060724033313e-01  4.018902256718e+00  7.800913627920e+00  1.172680423031e+01  5.225695360047e+00
 4.550000000000e+01  9.002065316217e+00  2.065316217157e-03  1.859362665936e-01  4.366346261709e+00  4.059630832317e-01  4.060352718515e-01  4.020855335334e+00  7.810994371079e+00  1.182273073239e+01  5.227690655062e+00
 4.600000000000e+01  9.002066052809e+00  2.066052808723e-03  1.860017581879e-01  4.364493030801e+00  4.059319498406e-01  4.060001770567e-01  4.022699912180e+00  7.820621060899e+00  1.191677524789e+01  5.229575019361e+00
 4.650000000000e+01  9.002066748925e+00  2.066748925223e-03  1.860636508940e-01  4.362742864807e+00  4.059025291431e-01  4.059670089316e-01  4.024441996375e+00  7.829813725191e+00  1.200896232452e+01  5.231354606053e+00
 4.700000000000e+01  9.002067406766e+00  2.067406766213e-03  1.861221399290e-01  4.361090043910e+00  4.058747279351e-01  4.059356632636e-01  4.026087267712e+00  7.838591535173e+00  1.209931687224e+01  5.233035228159e+00
 4.750000000000e+01  9.002068028341e+00  2.068028340668e-03  1.861774087215e-01  4.359529175650e+00  4.058484596049e-01  4.059060412268e-01  4.027641071994e+00  7.846972824127e+00  1.218786414825e+01  5.234622364748e+00
 4.800000000000e+01  9.002068615672e+00  2.068615671642e-03  1.862296331703e-01  4.358055151522e+00  4.058236396431e-01  4.058780494089e-01  4.029108489332e+00  7.854975159466e+00  1.227462962378e+01  5.236121208839e+00
 4.850000000000e+01  9.002069170790e+00  2.069170790170e-03  1.862789818802e-01  4.356663129981e+00  4.058001857203e-01  4.058515995033e-01  4.030494348012e+00  7.862615375129e+00  1.235963893858e+01  5.237536684302e+00
 4.900000000000e+01  9.002069695278e+00  2.069695277637e-03  1.863256089061e-01  4.355348570654e+00  4.057780265419e-01  4.058266071683e-01  4.031803138009e+00  7.869909527357e+00  1.244291802401e+01  5.238873402807e+00
 4.950000000000e+01  9.002070190830e+00  2.070190830247e-03  1.863696638285e-01  4.354107150885e+00  4.057570905005e-01  4.058029927347e-01  4.033039157031e+00  7.876873026651e+00  1.252449283810e+01  5.240135758618e+00
 5.000000000000e+01  9.002070659037e+00  2.070659037280e-03  1.864112872210e-01  4.352934806914e+00  4.057373106384e-01  4.057806809972e-01  4.034206443592e+00  7.883520591331e+00  1.260438950167e+01  5.241327882451e+00
 5.050000000000e+01  9.002071101358e+00  2.071101358359e-03  1.864506113283e-01  4.351827702461e+00  4.057186245769e-01  4.057596006304e-01  4.035308804757e+00  7.889866297793e+00  1.268263420965e+01  5.242453672965e+00
 5.100000000000e+01  9.002071519203e+00  2.071519203284e-03  1.864877619328e-01  4.350782210720e+00  4.057009725191e-01  4.057396842388e-01  4.036349844639e+00  7.895923615686e+00  1.275925317905e+01  5.243516816764e+00
 5.150000000000e+01  9.002071913961e+00  2.071913960516e-03  1.865228587054e-01  4.349794911122e+00  4.056842968465e-01  4.057208683816e-01  4.037332970352e+00  7.901705424046e+00  1.283427264317e+01  5.244520792035e+00
 5.200000000000e+01  9.002072286899e+00  2.072286899051e-03  1.865560142277e-01  4.348862571774e+00  4.056685439447e-01  4.057030928225e-01  4.038261395440e+00  7.907224040923e+00  1.290771880765e+01  5.245468884285e+00
 5.250000000000e+01  9.002072639203e+00  2.072639202680e-03  1.865873351776e-01  4.347982136987e+00  4.056536630642e-01  4.056863004494e-01  4.039138157523e+00  7.912491248275e+00  1.297961781722e+01  5.246364199952e+00
 5.300000000000e+01  9.002072972024e+00  2.072972023568e-03  1.866169227770e-01  4.347150719468e+00  4.056396057229e-01  4.056704373705e-01  4.039966130919e+00  7.917518316982e+00  1.304999573502e+01  5.247209674813e+00
 5.350000000000e+01  9.002073286413e+00  2.073286412722e-03  1.866448717699e-01  4.346365595111e+00  4.056263272914e-01  4.056554524199e-01  4.040748021687e+00  7.922316016072e+00  1.311887853667e+01  5.248008077601e+00
 5.400000000000e+01  9.002073583374e+00  2.073583374329e-03  1.866712723990e-01  4.345624181465e+00  4.056137849979e-01  4.056412971226e-01  4.041486397211e+00  7.926894656775e+00  1.318629204628e+01  5.248762033541e+00
 5.450000000000e+01  9.002073863883e+00  2.073863883024e-03  1.866962100174e-01  4.344924052316e+00  4.056019380061e-01  4.056279259874e-01  4.042183672670e+00  7.931264080098e+00  1.325226198598e+01  5.249474009681e+00
 5.500000000000e+01  9.002074128840e+00  2.074128839811e-03  1.867197651973e-01  4.344262903794e+00  4.055907481946e-01  4.056152956621e-01  4.042842138070e+00  7.935433710762e+00  1.331681388123e+01  5.250146348014e+00
 5.550000000000e+01  9.002074379105e+00  2.074379104651e-03  1.867420142887e-01  4.343638571399e+00  4.055801790798e-01  4.056033654207e-01  4.043463948302e+00  7.939412542275e+00  1.337997311617e+01  5.250781249525e+00
 5.600000000000e+01  9.002074615499e+00  2.074615498931e-03  1.867630296655e-01  4.343049003951e+00  4.055701960545e-01  4.055920966750e-01  4.044051145324e+00  7.943209183437e+00  1.344176486002e+01  5.251380799998e+00
 5.650000000000e+01  9.002074838779e+00  2.074838779032e-03  1.867828791586e-01  4.342492269101e+00  4.055607670548e-01  4.055814529015e-01  4.044605650921e+00  7.946831851769e+00  1.350221409355e+01  5.251946963848e+00
 5.700000000000e+01  9.002075049671e+00  2.075049671386e-03  1.868016272999e-01  4.341966538731e+00  4.055518613329e-01  4.055713995897e-01  4.045129285130e+00  7.950288409600e+00  1.356134556561e+01  5.252481599939e+00
 5.750000000000e+01  9.002075248860e+00  2.075248859770e-03  1.868193348643e-01  4.341470088755e+00  4.055434500225e-01  4.055619041473e-01  4.045623763503e+00  7.953586364564e+00  1.361918380216e+01  5.252986461226e+00
 5.800000000000e+01  9.002075436988e+00  2.075436988115e-03  1.868360592826e-01  4.341001288401e+00  4.055355059179e-01  4.055529357053e-01  4.046090708466e+00  7.956732895836e+00  1.367575307819e+01  5.253463205685e+00
 5.850000000000e+01  9.002075614668e+00  2.075614668002e-03  1.868518549342e-01  4.340558598927e+00  4.055280031570e-01  4.055444651347e-01  4.046531651570e+00  7.959734861514e+00  1.373107741974e+01  5.253913397919e+00
 5.900000000000e+01  9.002075782481e+00  2.075782480481e-03  1.868667733126e-01  4.340140566745e+00  4.055209171807e-01  4.055364649201e-01  4.046948039903e+00  7.962598815317e+00  1.378518058917e+01  5.254338516078e+00
 5.950000000000e+01  9.002075940972e+00  2.075940972194e-03  1.868808630163e-01  4.339745818019e+00  4.055142248885e-01  4.055289090169e-01  4.047341240877e+00  7.965331020912e+00  1.383808607535e+01  5.254739957096e+00
 6.000000000000e+01  9.002076090659e+00  2.076090658875e-03  1.868941699252e-01  4.339373057548e+00  4.055079044710e-01  4.055217728388e-01  4.047712544066e+00  7.967937459061e+00  1.388981709640e+01  5.255119037984e+00
 6.050000000000e+01  9.002076232030e+00  2.076232030297e-03  1.869067375090e-01  4.339021059517e+00  4.055019352321e-01  4.055150331225e-01  4.048063169972e+00  7.970423848511e+00  1.394039657732e+01  5.255477005254e+00
 6.100000000000e+01  9.002076365545e+00  2.076365544740e-03  1.869186066064e-01  4.338688669302e+00  4.054962978283e-01  4.055086679145e-01  4.048394267822e+00  7.972795646539e+00  1.398984716299e+01  5.255815032873e+00
 6.150000000000e+01  9.002076491638e+00  2.076491637587e-03  1.869298159598e-01  4.338374793768e+00  4.054909738689e-01  4.055026564277e-01  4.048706926001e+00  7.975058072323e+00  1.403819119349e+01  5.256134232367e+00
 6.200000000000e+01  9.002076610721e+00  2.076610720711e-03  1.869404021405e-01  4.338078403368e+00  4.054859459397e-01  4.054969790931e-01  4.049002169548e+00  7.977216105189e+00  1.408545071801e+01  5.256435650695e+00
 6.250000000000e+01  9.002076723182e+00  2.076723182356e-03  1.869503997145e-01  4.337798523190e+00  4.054811976396e-01  4.054916173575e-01  4.049280968993e+00  7.979274507382e+00  1.413164747320e+01  5.256720279174e+00
 6.300000000000e+01  9.002076829390e+00  2.076829390193e-03  1.869598413308e-01  4.337534235212e+00  4.054767134300e-01  4.054865537430e-01  4.049544238576e+00  7.981237821313e+00  1.417680289718e+01  5.256989051361e+00
 6.350000000000e+01  9.002076929693e+00  2.076929692544e-03  1.869687579233e-01  4.337284669698e+00  4.054724785834e-01  4.054817716947e-01  4.049792844316e+00  7.983110391800e+00  1.422093810902e+01  5.257242851722e+00
 6.400000000000e+01  9.002077024416e+00  2.077024415916e-03  1.869771785518e-01  4.337049008110e+00  4.054684793233e-01  4.054772556029e-01  4.050027601265e+00  7.984896361802e+00  1.426407392505e+01  5.257482512570e+00
 6.450000000000e+01  9.002077113871e+00  2.077113870980e-03  1.869851308129e-01  4.336826474670e+00  4.054647025315e-01  4.054729906785e-01  4.050249282013e+00  7.986599694191e+00  1.430623083866e+01  5.257708822802e+00
 6.500000000000e+01  9.002077198350e+00  2.077198349693e-03  1.869926406746e-01  4.336616339192e+00  4.054611358730e-01  4.054689629966e-01  4.050458613658e+00  7.988224167831e+00  1.434742903600e+01  5.257922524939e+00
 6.550000000000e+01  9.002077278128e+00  2.077278128227e-03  1.869997327114e-01  4.336417910363e+00  4.054577676889e-01  4.054651593654e-01  4.050656284615e+00  7.989773395314e+00  1.438768838175e+01  5.258124321951e+00
 6.600000000000e+01  9.002077353468e+00  2.077353467657e-03  1.870064301291e-01  4.336230536468e+00  4.054545869486e-01  4.054615673485e-01  4.050842943923e+00  7.991250823582e+00  1.442702842772e+01  5.258314876587e+00
 6.650000000000e+01  9.002077424615e+00  2.077424614842e-03  1.870127548681e-01  4.336053601703e+00  4.054515832166e-01  4.054581751944e-01  4.051019204853e+00  7.992659744916e+00  1.446546840817e+01  5.258494815084e+00
 6.700000000000e+01  9.002077491802e+00  2.077491802238e-03  1.870187275995e-01  4.335886525490e+00  4.054487466799e-01  4.054549718124e-01  4.051185645615e+00  7.994003300101e+00  1.450302724415e+01  5.258664727834e+00
 6.750000000000e+01  9.002077555250e+00  2.077555249543e-03  1.870243678496e-01  4.335728759778e+00  4.054460680650e-01  4.054519467298e-01  4.051342812056e+00  7.995284487336e+00  1.453972354172e+01  5.258825172160e+00
 6.800000000000e+01  9.002077615166e+00  2.077615165915e-03  1.870296941934e-01  4.335579784087e+00  4.054435385244e-01  4.054490900102e-01  4.051491222549e+00  7.996506176918e+00  1.457557558330e+01  5.258976677392e+00
 6.850000000000e+01  9.002077671748e+00  2.077671747530e-03  1.870347240685e-01  4.335439109159e+00  4.054411497749e-01  4.054463923029e-01  4.051631364378e+00  7.997671102913e+00  1.461060134508e+01  5.259119741069e+00
 6.900000000000e+01  9.002077725177e+00  2.077725177072e-03  1.870394737477e-01  4.335306277082e+00  4.054388941285e-01  4.054438448407e-01  4.051763693612e+00  7.998781864303e+00  1.464481850368e+01  5.259254828793e+00
 6.950000000000e+01  9.002077775633e+00  2.077775632495e-03  1.870439590253e-01  4.335180845654e+00  4.054367640532e-01  4.054414391830e-01  4.051888650657e+00  7.999840968372e+00  1.467824439556e+01  5.259382390296e+00
 7.000000000000e+01  9.002077823281e+00  2.077823280560e-03  1.870481947214e-01  4.335062399426e+00  4.054347525016e-01  4.054391673904e-01  4.052006649296e+00  8.000850802607e+00  1.471089605633e+01  5.259502848076e+00
 7.050000000000e+01  9.002077868273e+00  2.077868273318e-03  1.870521943835e-01  4.334950558982e+00  4.054328530594e-01  4.054370221778e-01  4.052118067561e+00  8.001813611449e+00  1.474279025378e+01  5.259616587962e+00
 7.100000000000e+01  9.002077910762e+00  2.077910761570e-03  1.870559714113e-01  4.334844949080e+00  4.054310593436e-01  4.054349963775e-01  4.052223279188e+00  8.002731582816e+00  1.477394340093e+01  5.259723991579e+00
 7.150000000000e+01  9.002077950887e+00  2.077950886611e-03  1.870595383735e-01  4.334745218063e+00  4.054293653735e-01  4.054330832603e-01  4.052322634482e+00  8.003606797801e+00  1.480437161890e+01  5.259825416567e+00
 7.200000000000e+01  9.002077988776e+00  2.077988775835e-03  1.870629065711e-01  4.334651047534e+00  4.054277658155e-01  4.054312767315e-01  4.052416450478e+00  8.004441204870e+00  1.483409076981e+01  5.259921186653e+00
 7.250000000000e+01  9.002078024556e+00  2.078024555567e-03  1.870660872342e-01  4.334562122998e+00  4.054262553308e-01  4.054295707733e-01  4.052505040435e+00  8.005236702148e+00  1.486311637970e+01  5.260011621675e+00
 7.300000000000e+01  9.002078058344e+00  2.078058343966e-03  1.870690908556e-01  4.334478149871e+00  4.054248289449e-01  4.054279597495e-01  4.052588697726e+00  8.005995094608e+00  1.489146368983e+01  5.260097021187e+00
 7.350000000000e+01  9.002078090251e+00  2.078090250828e-03  1.870719272143e-01  4.334398855084e+00  4.054234819989e-01  4.054264384299e-01  4.052667694434e+00  8.006718089849e+00  1.491914766489e+01  5.260177662921e+00
 7.400000000000e+01  9.002078120381e+00  2.078120380549e-03  1.870746056017e-01  4.334323978815e+00  4.054222100715e-01  4.054250018402e-01  4.052742289408e+00  8.007407323427e+00  1.494618297809e+01  5.260253811117e+00
 7.450000000000e+01  9.002078148833e+00  2.078148832646e-03  1.870771348661e-01  4.334253273179e+00  4.054210089574e-01  4.054236452378e-01  4.052812729566e+00  8.008064363812e+00  1.497258401329e+01  5.260325717867e+00
 7.500000000000e+01  9.002078175700e+00  2.078175700308e-03  1.870795232897e-01  4.334186506475e+00  4.054198747226e-01  4.054223641813e-01  4.052879245720e+00  8.008690700108e+00  1.499836487994e+01  5.260393618805e+00
 7.550000000000e+01  9.002078201071e+00  2.078201071211e-03  1.870817786527e-01  4.334123461033e+00  4.054188036787e-01  4.054211544913e-01  4.052942054689e+00  8.009287749415e+00  1.502353941309e+01  5.260457735291e+00
 7.600000000000e+01  9.002078225029e+00  2.078225029408e-03  1.870839084329e-01  4.334063928064e+00  4.054177922654e-01  4.054200121662e-01  4.053001364497e+00  8.009856874767e+00  1.504812116855e+01  5.260518279674e+00
 7.650000000000e+01  9.002078247654e+00  2.078247653808e-03  1.870859196420e-01  4.334007711530e+00  4.054168371528e-01  4.054189334453e-01  4.053057370439e+00  8.010399372760e+00  1.507212343499e+01  5.260575451321e+00
 7.700000000000e+01  9.002078269017e+00  2.078269017263e-03  1.870878187578e-01  4.333954629206e+00  4.054159352769e-01  4.054179148419e-01  4.053110253998e+00  8.010916470696e+00  1.509555924077e+01  5.260629435521e+00
 7.750000000000e+01  9.002078289191e+00  2.078289190884e-03  1.870896120961e-01  4.333904504521e+00  4.054150836415e-01  4.054169529654e-01  4.053160191073e+00  8.011409354432e+00  1.511844134356e+01  5.260680411841e+00
 7.800000000000e+01  9.002078308241e+00  2.078308241372e-03  1.870913055816e-01  4.333857171280e+00  4.054142794427e-01  4.054160446283e-01  4.053207347201e+00  8.011879153303e+00  1.514078224398e+01  5.260728549280e+00
 7.850000000000e+01  9.002078326230e+00  2.078326229974e-03  1.870929046741e-01  4.333812477473e+00  4.054135200657e-01  4.054151869241e-01  4.053251873854e+00  8.012326928970e+00  1.516259419753e+01  5.260774002465e+00
 7.900000000000e+01  9.002078343217e+00  2.078343216500e-03  1.870944146889e-01  4.333770273867e+00  4.054128029949e-01  4.054143769936e-01  4.053293919662e+00  8.012753712513e+00  1.518388919817e+01  5.260816923142e+00
 7.950000000000e+01  9.002078359257e+00  2.078359257077e-03  1.870958406222e-01  4.333730420521e+00  4.054121258543e-01  4.054136121604e-01  4.053333624023e+00  8.013160484467e+00  1.520467899526e+01  5.260857453628e+00
 8.000000000000e+01  9.002078374404e+00  2.078374403861e-03  1.870971871014e-01  4.333692788319e+00  4.054114864467e-01  4.054128899420e-01  4.053371115581e+00  8.013548170066e+00  1.522497509993e+01  5.260895725238e+00
 8.050000000000e+01  9.002078388707e+00  2.078388706779e-03  1.870984585648e-01  4.333657253258e+00  4.054108826602e-01  4.054122079621e-01  4.053406517873e+00  8.013917659030e+00  1.524478878103e+01  5.260931864085e+00
 8.100000000000e+01  9.002078402213e+00  2.078402213312e-03  1.870996592344e-01  4.333623697429e+00  4.054103124834e-01  4.054115639628e-01  4.053439948372e+00  8.014269802948e+00  1.526413107120e+01  5.260965990091e+00
 8.150000000000e+01  9.002078414968e+00  2.078414967597e-03  1.871007930329e-01  4.333592011023e+00  4.054097740568e-01  4.054109558366e-01  4.053471516463e+00  8.014605408488e+00  1.528301277302e+01  5.260998214924e+00
 8.200000000000e+01  9.002078427011e+00  2.078427011128e-03  1.871018636476e-01  4.333562090684e+00  4.054092656376e-01  4.054103815976e-01  4.053501325103e+00  8.014925243882e+00  1.530144446172e+01  5.261028643682e+00
 8.250000000000e+01  9.002078438384e+00  2.078438383946e-03  1.871028746342e-01  4.333533837149e+00  4.054087855369e-01  4.054098393390e-01  4.053529473190e+00  8.015230048305e+00  1.531943648794e+01  5.261057377318e+00
 8.300000000000e+01  9.002078449123e+00  2.078449123429e-03  1.871038293148e-01  4.333507157497e+00  4.054083321792e-01  4.054093272766e-01  4.053556053293e+00  8.015520523554e+00  1.533699898242e+01  5.261084510327e+00
 8.350000000000e+01  9.002078459264e+00  2.078459264329e-03  1.871047307865e-01  4.333481965099e+00  4.054079040878e-01  4.054088437553e-01  4.053581151713e+00  8.015797334360e+00  1.535414185910e+01  5.261110130817e+00
 8.400000000000e+01  9.002078468840e+00  2.078468840267e-03  1.871055820370e-01  4.333458176315e+00  4.054074998498e-01  4.054083871668e-01  4.053604851768e+00  8.016061122230e+00  1.537087482025e+01  5.261134323839e+00
 8.450000000000e+01  9.002078477883e+00  2.078477882797e-03  1.871063858741e-01  4.333435712546e+00  4.054071181333e-01  4.054079560038e-01  4.053627231760e+00  8.016312497334e+00  1.538720735915e+01  5.261157169325e+00
 8.500000000000e+01  9.002078486421e+00  2.078486421286e-03  1.871071449024e-01  4.333414501261e+00  4.054067576947e-01  4.054075488755e-01  4.053648363956e+00  8.016552034742e+00  1.540314876290e+01  5.261178741048e+00
 8.550000000000e+01  9.002078494484e+00  2.078494484062e-03  1.871078616438e-01  4.333394471869e+00  4.054064173362e-01  4.054071644299e-01  4.053668318680e+00  8.016780291324e+00  1.541870811859e+01  5.261199110798e+00
 8.600000000000e+01  9.002078502098e+00  2.078502097851e-03  1.871085384746e-01  4.333375558004e+00  4.054060959249e-01  4.054068013966e-01  4.053687162048e+00  8.016997796876e+00  1.543389431544e+01  5.261218346075e+00
 8.650000000000e+01  9.002078509287e+00  2.078509287237e-03  1.871091775783e-01  4.333357698529e+00  4.054057924304e-01  4.054064585980e-01  4.053704954964e+00  8.017205050502e+00  1.544871604745e+01  5.261236509044e+00
 8.700000000000e+01  9.002078516076e+00  2.078516076046e-03  1.871097810714e-01  4.333340834314e+00  4.054055058458e-01  4.054061349007e-01  4.053721756339e+00  8.017402533756e+00  1.546318181945e+01  5.261253659844e+00
 8.750000000000e+01  9.002078522487e+00  2.078522486823e-03  1.871103509564e-01  4.333324909412e+00  4.054052352193e-01  4.054058292314e-01  4.053737621911e+00  8.017590706281e+00  1.547729994964e+01  5.261269855372e+00
 8.800000000000e+01  9.002078528540e+00  2.078528540449e-03  1.871108890912e-01  4.333309871854e+00  4.054049796694e-01  4.054055405929e-01  4.053752603451e+00  8.017770002804e+00  1.549107857170e+01  5.261285148480e+00
 8.850000000000e+01  9.002078534257e+00  2.078534256675e-03  1.871113972335e-01  4.333295672460e+00  4.054047383628e-01  4.054052680409e-01  4.053766749956e+00  8.017940838337e+00  1.550452563984e+01  5.261299589181e+00
 8.900000000000e+01  9.002078539655e+00  2.078539654484e-03  1.871118770702e-01  4.333282264042e+00  4.054045105004e-01  4.054050106688e-01  4.053780108433e+00  8.018103611764e+00  1.551764893344e+01  5.261313225461e+00
 8.950000000000e+01  9.002078544752e+00  2.078544751601e-03  1.871123301774e-01  4.333269602545e+00  4.054042953341e-01  4.054047676309e-01  4.053792722774e+00  8.018258701222e+00  1.553045605775e+01  5.261326102124e+00
 9.000000000000e+01  9.002078549565e+00  2.078549564617e-03  1.871127580291e-01  4.333257646856e+00  4.054040921598e-01  4.054045381404e-01  4.053804633940e+00  8.018406465051e+00  1.554295444698e+01  5.261338260987e+00
 9.050000000000e+01  9.002078554110e+00  2.078554109494e-03  1.871131620458e-01  4.333246357245e+00  4.054039003046e-01  4.054043214341e-01  4.053815881513e+00  8.018547249091e+00  1.555515137238e+01  5.261349742454e+00
 9.100000000000e+01  9.002078558401e+00  2.078558401226e-03  1.871135435609e-01  4.333235696461e+00  4.054037191342e-01  4.054041167976e-01  4.053826502604e+00  8.018681381829e+00  1.556705394137e+01  5.261360584408e+00
 9.150000000000e+01  9.002078562454e+00  2.078562453709e-03  1.871139038073e-01  4.333225630023e+00  4.054035480645e-01  4.054039235684e-01  4.053836531564e+00  8.018809173050e+00  1.557866909826e+01  5.261370821916e+00
 9.200000000000e+01  9.002078566280e+00  2.078566280425e-03  1.871142439839e-01  4.333216124468e+00  4.054033865246e-01  4.054037411051e-01  4.053846001735e+00  8.018930922512e+00  1.559000363552e+01  5.261380489011e+00
 9.250000000000e+01  9.002078569894e+00  2.078569894063e-03  1.871145652173e-01  4.333207148326e+00  4.054032339782e-01  4.054035688044e-01  4.053854944466e+00  8.019046915314e+00  1.560106419163e+01  5.261389617699e+00
 9.300000000000e+01  9.002078573306e+00  2.078573305921e-03  1.871148685157e-01  4.333198673330e+00  4.054030899503e-01  4.054034061221e-01  4.053863387918e+00  8.019157416185e+00  1.561185724646e+01  5.261398236723e+00
 9.350000000000e+01  9.002078576527e+00  2.078576527448e-03  1.871151548948e-01  4.333190671117e+00  4.054029539571e-01  4.054032525146e-01  4.053871360349e+00  8.019262685650e+00  1.562238914270e+01  5.261406374930e+00
 9.400000000000e+01  9.002078579569e+00  2.078579569356e-03  1.871154253060e-01  4.333183115101e+00  4.054028255467e-01  4.054031074718e-01  4.053878888243e+00  8.019362971070e+00  1.563266607767e+01  5.261414059356e+00
 9.450000000000e+01  9.002078582442e+00  2.078582441870e-03  1.871156806571e-01  4.333175979911e+00  4.054027042878e-01  4.054029705072e-01  4.053885996877e+00  8.019458509520e+00  1.564269410903e+01  5.261421315804e+00
 9.500000000000e+01  9.002078585155e+00  2.078585154630e-03  1.871159218038e-01  4.333169241631e+00  4.054025897737e-01  4.054028411618e-01  4.053892710079e+00  8.019549526764e+00  1.565247915584e+01  5.261428168599e+00
 9.550000000000e+01  9.002078587715e+00  2.078587715076e-03  1.871161494153e-01  4.333162881568e+00  4.054024816885e-01  4.054027190751e-01  4.053899046473e+00  8.019636219048e+00  1.566202697791e+01  5.261434636747e+00
 9.600000000000e+01  9.002078590133e+00  2.078590132620e-03  1.871163643236e-01  4.333156876481e+00  4.054023796356e-01  4.054026038021e-01  4.053905029214e+00  8.019718800802e+00  1.567134323804e+01  5.261440743887e+00
 9.650000000000e+01  9.002078592416e+00  2.078592415482e-03  1.871165672590e-01  4.333151205986e+00  4.054022832678e-01  4.054024949517e-01  4.053910678610e+00  8.019797468746e+00  1.568043345922e+01  5.261446510750e+00
 9.700000000000e+01  9.002078594572e+00  2.078594571593e-03  1.871167589259e-01  4.333145850426e+00  4.054021922496e-01  4.054023921468e-01  4.053916014247e+00  8.019872412394e+00  1.568930304010e+01  5.261451957328e+00
 9.750000000000e+01  9.002078596608e+00  2.078596608028e-03  1.871169399532e-01  4.333140792226e+00  4.054021062826e-01  4.054022950500e-01  4.053921053634e+00  8.019943807442e+00  1.569795724802e+01  5.261457101495e+00
 9.800000000000e+01  9.002078598530e+00  2.078598529804e-03  1.871171107900e-01  4.333136018709e+00  4.054020251571e-01  4.054022034170e-01  4.053925809395e+00  8.020011801864e+00  1.570640120190e+01  5.261461956137e+00
 9.850000000000e+01  9.002078600345e+00  2.078600344501e-03  1.871172721079e-01  4.333131511182e+00  4.054019485519e-01  4.054021168897e-01  4.053930300156e+00  8.020076570378e+00  1.571463994997e+01  5.261466540270e+00
 9.900000000000e+01  9.002078602058e+00  2.078602058333e-03  1.871174244587e-01  4.333127254220e+00  4.054018762047e-01  4.054020351721e-01  4.053934541284e+00  8.020138268350e+00  1.572267840799e+01  5.261470869579e+00
 9.950000000000e+01  9.002078603677e+00  2.078603677284e-03  1.871175683740e-01  4.333123232972e+00  4.054018078631e-01  4.054019579795e-01  4.053938547575e+00  8.020197045344e+00  1.573052138028e+01  5.261474959168e+00
 1.000000000000e+02  9.002078605206e+00  2.078605206365e-03  1.871177042998e-01  4.333119434969e+00  4.054017433155e-01  4.054018850723e-01  4.053942331451e+00  8.020253035776e+00  1.573817354566e+01  5.261478821718e+00
 1.005000000000e+02  9.002078606650e+00  2.078606649674e-03  1.871178326021e-01  4.333115849989e+00  4.054016823884e-01  4.054018162538e-01  4.053945903098e+00  8.020306359759e+00  1.574563946088e+01  5.261482467626e+00
 1.010000000000e+02  9.002078608013e+00  2.078608012722e-03  1.871179537696e-01  4.333112464366e+00  4.054016248494e-01  4.054017512622e-01  4.053949276129e+00  8.020357152838e+00  1.575292361357e+01  5.261485910788e+00
 1.015000000000e+02  9.002078609300e+00  2.078609300080e-03  1.871180682089e-01  4.333109266736e+00  4.054015705055e-01  4.054016898795e-01  4.053952461866e+00  8.020405536153e+00  1.576003037312e+01  5.261489162761e+00
 1.020000000000e+02  9.002078610516e+00  2.078610516111e-03  1.871181763078e-01  4.333106246261e+00  4.054015191725e-01  4.054016318975e-01  4.053955471108e+00  8.020451625825e+00  1.576696400872e+01  5.261492234570e+00
 1.025000000000e+02  9.002078611665e+00  2.078611664510e-03  1.871182783947e-01  4.333103393770e+00  4.054014706944e-01  4.054015771403e-01  4.053958312989e+00  8.020495526221e+00  1.577372867321e+01  5.261495135539e+00
 1.030000000000e+02  9.002078612749e+00  2.078612748800e-03  1.871183747825e-01  4.333100700529e+00  4.054014249226e-01  4.054015254400e-01  4.053960996214e+00  8.020537337343e+00  1.578032842418e+01  5.261497874552e+00
 1.035000000000e+02  9.002078613773e+00  2.078613772777e-03  1.871184658089e-01  4.333098157098e+00  4.054013816969e-01  4.054014766154e-01  4.053963530185e+00  8.020577161604e+00  1.578676724347e+01  5.261500461208e+00
 1.040000000000e+02  9.002078614740e+00  2.078614739815e-03  1.871185517738e-01  4.333095755100e+00  4.054013408745e-01  4.054014305058e-01  4.053965923250e+00  8.020615093465e+00  1.579304901139e+01  5.261502904028e+00
 1.045000000000e+02  9.002078615653e+00  2.078615653125e-03  1.871186329625e-01  4.333093486569e+00  4.054013023202e-01  4.054013869581e-01  4.053968183346e+00  8.020651223335e+00  1.579917751866e+01  5.261505211115e+00
 1.050000000000e+02  9.002078616516e+00  2.078616515502e-03  1.871187096236e-01  4.333091344546e+00  4.054012659159e-01  4.054013458390e-01  4.053970317404e+00  8.020685633213e+00  1.580515644865e+01  5.261507389541e+00
 1.055000000000e+02  9.002078617330e+00  2.078617329754e-03  1.871187820066e-01  4.333089322057e+00  4.054012315432e-01  4.054013070144e-01  4.053972332372e+00  8.020718404187e+00  1.581098941080e+01  5.261509446403e+00
 1.060000000000e+02  9.002078618099e+00  2.078618098638e-03  1.871188503564e-01  4.333087412263e+00  4.054011990857e-01  4.054012703532e-01  4.053974235064e+00  8.020749615302e+00  1.581667993680e+01  5.261511388654e+00
 1.065000000000e+02  9.002078618825e+00  2.078618824716e-03  1.871189149009e-01  4.333085608798e+00  4.054011684354e-01  4.054012357329e-01  4.053976031824e+00  8.020779341117e+00  1.582223147110e+01  5.261513222770e+00
 1.070000000000e+02  9.002078619510e+00  2.078619510445e-03  1.871189758585e-01  4.333083905560e+00  4.054011394885e-01  4.054012030365e-01  4.053977728729e+00  8.020807653212e+00  1.582764737849e+01  5.261514954955e+00
 1.075000000000e+02  9.002078620158e+00  2.078620157768e-03  1.871190334019e-01  4.333082297718e+00  4.054011121629e-01  4.054011721713e-01  4.053979330592e+00  8.020834613800e+00  1.583293092060e+01  5.261516590122e+00
 1.080000000000e+02  9.002078620769e+00  2.078620768931e-03  1.871190877310e-01  4.333080779692e+00  4.054010863636e-01  4.054011430303e-01  4.053980842974e+00  8.020860288680e+00  1.583808530713e+01  5.261518133947e+00
 1.085000000000e+02  9.002078621346e+00  2.078621346033e-03  1.871191390323e-01  4.333079346266e+00  4.054010620022e-01  4.054011155133e-01  4.053982271070e+00  8.020884740144e+00  1.584311366964e+01  5.261519591735e+00
 1.090000000000e+02  9.002078621891e+00  2.078621891048e-03  1.871191874813e-01  4.333077992535e+00  4.054010389953e-01  4.054010895262e-01  4.053983619768e+00  8.020908027366e+00  1.584801906423e+01  5.261520968473e+00
 1.095000000000e+02  9.002078622406e+00  2.078622405874e-03  1.871192332468e-01  4.333076713779e+00  4.054010172627e-01  4.054010649785e-01  4.053984893769e+00  8.020930207235e+00  1.585280447601e+01  5.261522268962e+00
 1.100000000000e+02  9.002078622892e+00  2.078622891735e-03  1.871192764373e-01  4.333075506978e+00  4.054009967530e-01  4.054010418119e-01  4.053986096083e+00  8.020951325334e+00  1.585747278908e+01  5.261523496272e+00
 1.105000000000e+02  9.002078623351e+00  2.078623350518e-03  1.871193172208e-01  4.333074367431e+00  4.054009773862e-01  4.054010199364e-01  4.053987231392e+00  8.020971436249e+00  1.586202685822e+01  5.261524655186e+00
 1.110000000000e+02  9.002078623784e+00  2.078623783778e-03  1.871193557354e-01  4.333073291283e+00  4.054009590968e-01  4.054009992780e-01  4.053988303539e+00  8.020990588477e+00  1.586646945785e+01  5.261525749623e+00
 1.115000000000e+02  9.002078624193e+00  2.078624193000e-03  1.871193921132e-01  4.333072274840e+00  4.054009418220e-01  4.054009797657e-01  4.053989316203e+00  8.021008828565e+00  1.587080329766e+01  5.261526783341e+00
 1.120000000000e+02  9.002078624580e+00  2.078624579562e-03  1.871194264766e-01  4.333071314681e+00  4.054009255037e-01  4.054009613340e-01  4.053990272792e+00  8.021026200428e+00  1.587503102087e+01  5.261527759819e+00
 1.125000000000e+02  9.002078624944e+00  2.078624944438e-03  1.871194589123e-01  4.333070408386e+00  4.054009101009e-01  4.054009439363e-01  4.053991175718e+00  8.021042740678e+00  1.587915518550e+01  5.261528681517e+00
 1.130000000000e+02  9.002078625289e+00  2.078625289014e-03  1.871194895434e-01  4.333069552514e+00  4.054008955551e-01  4.054009275065e-01  4.053992028407e+00  8.021058491756e+00  1.588317832134e+01  5.261529551934e+00
 1.135000000000e+02  9.002078625614e+00  2.078625614438e-03  1.871195184719e-01  4.333068744215e+00  4.054008818177e-01  4.054009119899e-01  4.053992833701e+00  8.021073491536e+00  1.588710288689e+01  5.261530373971e+00
 1.140000000000e+02  9.002078625922e+00  2.078625921801e-03  1.871195457949e-01  4.333067980777e+00  4.054008688428e-01  4.054008973345e-01  4.053993594301e+00  8.021087776283e+00  1.589093128309e+01  5.261531150384e+00
 1.145000000000e+02  9.002078626212e+00  2.078626212099e-03  1.871195716008e-01  4.333067259729e+00  4.054008565883e-01  4.054008834927e-01  4.053994312668e+00  8.021101379797e+00  1.589466584841e+01  5.261531883686e+00
 1.150000000000e+02  9.002078626486e+00  2.078626486177e-03  1.871195959648e-01  4.333066578969e+00  4.054008450185e-01  4.054008704244e-01  4.053994990898e+00  8.021114332360e+00  1.589830885271e+01  5.261532576016e+00
 1.155000000000e+02  9.002078626745e+00  2.078626745000e-03  1.871196189728e-01  4.333065936097e+00  4.054008340927e-01  4.054008580834e-01  4.053995631379e+00  8.021126666347e+00  1.590186253547e+01  5.261533229814e+00
 1.160000000000e+02  9.002078626989e+00  2.078626989421e-03  1.871196407006e-01  4.333065328997e+00  4.054008237748e-01  4.054008464291e-01  4.053996236222e+00  8.021138411362e+00  1.590532907419e+01  5.261533847231e+00
 1.165000000000e+02  9.002078627220e+00  2.078627220250e-03  1.871196612201e-01  4.333064755657e+00  4.054008140308e-01  4.054008354228e-01  4.053996807431e+00  8.021149595744e+00  1.590871059524e+01  5.261534430316e+00
 1.170000000000e+02  9.002078627438e+00  2.078627438222e-03  1.871196805967e-01  4.333064214251e+00  4.054008048295e-01  4.054008250295e-01  4.053997346824e+00  8.021160245677e+00  1.591200916628e+01  5.261534980923e+00
 1.175000000000e+02  9.002078627644e+00  2.078627644016e-03  1.871196988907e-01  4.333063703096e+00  4.054007961423e-01  4.054008152170e-01  4.053997856078e+00  8.021170385659e+00  1.591522680108e+01  5.261535500765e+00
 1.180000000000e+02  9.002078627838e+00  2.078627838338e-03  1.871197161649e-01  4.333063220432e+00  4.054007879393e-01  4.054008059514e-01  4.053998336948e+00  8.021180040789e+00  1.591836548123e+01  5.261535991632e+00
 1.185000000000e+02  9.002078628022e+00  2.078628021838e-03  1.871197324771e-01  4.333062764650e+00  4.054007801931e-01  4.054007972018e-01  4.053998791036e+00  8.021189234383e+00  1.592142713470e+01  5.261536455161e+00
 1.190000000000e+02  9.002078628195e+00  2.078628195137e-03  1.871197478825e-01  4.333062334205e+00  4.054007728776e-01  4.054007889387e-01  4.053999219880e+00  8.021197988816e+00  1.592441364417e+01  5.261536892921e+00
 1.195000000000e+02  9.002078628359e+00  2.078628358759e-03  1.871197624277e-01  4.333061927794e+00  4.054007659705e-01  4.054007811370e-01  4.053999624780e+00  8.021206324147e+00  1.592732683652e+01  5.261537306239e+00
 1.200000000000e+02  9.002078628513e+00  2.078628513223e-03  1.871197761588e-01  4.333061544132e+00  4.054007594500e-01  4.054007737719e-01  4.054000007016e+00  8.021214259911e+00  1.593016849809e+01  5.261537696421e+00
