              time               Lfree               Rfree                  LR               Sfree                 LRS                LRSp                  Sp               pSTAT
 0.000000000000e+00  1.000000000000e+01  1.000000000000e+00  0.000000000000e+00  1.000000000000e+01  0.000000000000e+00  0.000000000000e+00  0.000000000000e+00  0.000000000000e+00
 1.000000000000e-01  9.383244023903e+00  3.832440239030e-01  3.682238295568e-01  9.751205477048e+00  2.391640264387e-01  9.368109960275e-03  2.623865523025e-04  9.630496512577e-03
 2.000000000000e-01  9.154181589225e+00  1.541815892254e-01  3.054601488095e-01  9.456875740211e+00  4.957069717352e-01  4.465125620326e-02  2.766031847277e-03  4.741728805053e-02
 3.000000000000e-01  9.063708011977e+00  6.370801197689e-02  2.171187960614e-01  9.271215506510e+00  6.244693000609e-01  9.470385788904e-02  9.611335536642e-03  1.043151934257e-01
 4.000000000000e-01  9.026986987039e+00  2.698698703911e-02  1.597612764244e-01  9.165162629811e+00  6.656449700575e-01  1.476067324669e-01  2.158566766130e-02  1.691924001282e-01
 5.000000000000e-01  9.011876013092e+00  1.187601309251e-02  1.286567634154e-01  9.101970568834e+00  6.624902122625e-01  1.969769772175e-01  3.856224168295e-02  2.355392189004e-01
 6.000000000000e-01  9.005607851489e+00  5.607851488662e-03  1.131626318163e-01  9.058778850514e+00  6.409166014488e-01  2.403128812342e-01  5.999166679967e-02  3.003045480338e-01
 7.000000000000e-01  9.002994485857e+00  2.994485856626e-03  1.058706746940e-01  9.023670520087e+00  6.139900702791e-01  2.771447351581e-01  8.519467447188e-02  3.623394096300e-01
 8.000000000000e-01  9.001901469763e+00  1.901469762775e-03  1.026276399281e-01  8.991025467796e+00  5.875656746377e-01  3.079051816593e-01  1.135036759033e-01  4.214088575626e-01
 9.000000000000e-01  9.001443947483e+00  1.443947483079e-03  1.013136126391e-01  8.958437609730e+00  5.638947572604e-01  3.333476486052e-01  1.443199844008e-01  4.776676330060e-01
 1.000000000000e+00  9.001253100690e+00  1.253100689872e-03  1.009010306768e-01  8.925024352248e+00  5.435686624299e-01  3.542771721913e-01  1.771298131272e-01  5.314069853185e-01
 1.100000000000e+00  9.001174565314e+00  1.174565313888e-03  1.009070110159e-01  8.890579449651e+00  5.264788496758e-01  3.714395399823e-01  2.115021606870e-01  5.829417006693e-01
 1.200000000000e+00  9.001143498811e+00  1.143498811131e-03  1.011086828840e-01  8.855172343358e+00  5.122630971660e-01  3.854846871267e-01  2.470798723458e-01  6.325645594726e-01
 1.300000000000e+00  9.001132589046e+00  1.132589046509e-03  1.014040337854e-01  8.818967664915e+00  5.005008860536e-01  3.969624571023e-01  2.835689919255e-01  6.805314490278e-01
 1.400000000000e+00  9.001130294953e+00  1.130294953046e-03  1.017462729675e-01  8.782148066879e+00  4.907924031505e-01  4.063309949168e-01  3.207285350497e-01  7.270595299665e-01
 1.500000000000e+00  9.001131723749e+00  1.131723749076e-03  1.021136209857e-01  8.744883939844e+00  4.827856113932e-01  4.139690098598e-01  3.583614388989e-01  7.723304487587e-01
 1.600000000000e+00  9.001134783904e+00  1.134783903902e-03  1.024955764021e-01  8.707323551673e+00  4.761813670626e-01  4.201882386193e-01  3.963068426421e-01  8.164950812614e-01
 1.700000000000e+00  9.001138582727e+00  1.138582726665e-03  1.028868145373e-01  8.669591787764e+00  4.707298539353e-01  4.252447147885e-01  4.344336435087e-01  8.596783582972e-01
 1.800000000000e+00  9.001142731154e+00  1.142731154122e-03  1.032843925617e-01  8.631792004145e+00  4.662243717564e-01  4.293484705157e-01  4.726351535791e-01  9.019836240948e-01
 1.900000000000e+00  9.001147057058e+00  1.147057058267e-03  1.036865224664e-01  8.594008911296e+00  4.624946986904e-01  4.326716877727e-01  5.108247022377e-01  9.434963900104e-01
 2.000000000000e+00  9.001151480048e+00  1.151480048172e-03  1.040919995360e-01  8.556311506574e+00  4.594009933496e-01  4.353554930541e-01  5.489320070187e-01  9.842875000728e-01
 2.100000000000e+00  9.001155960297e+00  1.155960296890e-03  1.044999483059e-01  8.518755734902e+00  4.568285151229e-01  4.375155422622e-01  5.869002077094e-01  1.024415749972e+00
 2.200000000000e+00  9.001160478211e+00  1.160478210941e-03  1.049097033838e-01  8.481386758595e+00  4.546832132675e-01  4.392465711257e-01  6.246834570080e-01  1.063930028134e+00
 2.300000000000e+00  9.001165021215e+00  1.165021215348e-03  1.053207288898e-01  8.444240879452e+00  4.528880105414e-01  4.406262053414e-01  6.622449046619e-01  1.102871110003e+00
 2.400000000000e+00  9.001169581004e+00  1.169581004451e-03  1.057325900567e-01  8.407347139067e+00  4.513797456437e-01  4.417180492830e-01  6.995550660025e-01  1.141273115285e+00
 2.500000000000e+00  9.001174151877e+00  1.174151876893e-03  1.061449292022e-01  8.370728625502e+00  4.501066760219e-01  4.425742088869e-01  7.365904895858e-01  1.179164698473e+00
 2.600000000000e+00  9.001178729191e+00  1.178729191150e-03  1.065574479873e-01  8.334403554750e+00  4.490264126489e-01  4.432373761605e-01  7.733326564366e-01  1.216570032597e+00
 2.700000000000e+00  9.001183309337e+00  1.183309337264e-03  1.069698980406e-01  8.298386159361e+00  4.481042280661e-01  4.437425305439e-01  8.097670820256e-01  1.253509612570e+00
 2.800000000000e+00  9.001187889397e+00  1.187889396739e-03  1.073820707627e-01  8.262687412632e+00  4.473116750190e-01  4.441183308094e-01  8.458825815357e-01  1.290000912345e+00
 2.900000000000e+00  9.001192466891e+00  1.192466890532e-03  1.077937904367e-01  8.227315624850e+00  4.466254503724e-01  4.443882582882e-01  8.816706664855e-01  1.326058924774e+00
 3.000000000000e+00  9.001197039781e+00  1.197039781393e-03  1.082049087615e-01  8.192276931759e+00  4.460264645396e-01  4.445715529053e-01  9.171250507920e-01  1.361696603697e+00
 3.100000000000e+00  9.001201606350e+00  1.201606349984e-03  1.086152997534e-01  8.157575693828e+00  4.454990801420e-01  4.446839797425e-01  9.522412462836e-01  1.396925226026e+00
 3.200000000000e+00  9.001206165131e+00  1.206165130846e-03  1.090248561124e-01  8.123214823544e+00  4.450304882913e-01  4.447384564533e-01  9.870162317079e-01  1.431754688161e+00
 3.300000000000e+00  9.001210714886e+00  1.210714885910e-03  1.094334860187e-01  8.089196052001e+00  4.446102002663e-01  4.447455648170e-01  1.021448182912e+00  1.466193747729e+00
 3.400000000000e+00  9.001215254558e+00  1.215254557771e-03  1.098411104148e-01  8.055520151211e+00  4.442296234687e-01  4.447139775466e-01  1.055536247771e+00  1.500250225317e+00
 3.500000000000e+00  9.001219783236e+00  1.219783235971e-03  1.102476608249e-01  8.022187117245e+00  4.438817120343e-01  4.446508098927e-01  1.089280360825e+00  1.533931170717e+00
 3.600000000000e+00  9.001224300131e+00  1.224300131471e-03  1.106530776470e-01  7.989196312164e+00  4.435606959292e-01  4.445618922802e-01  1.122681099623e+00  1.567242991903e+00
 3.700000000000e+00  9.001228804559e+00  1.228804558932e-03  1.110573086796e-01  7.956546581988e+00  4.432618556412e-01  4.444519971081e-01  1.155739565259e+00  1.600191562367e+00
 3.800000000000e+00  9.001233295921e+00  1.233295920586e-03  1.114603078472e-01  7.924236358648e+00  4.429813273686e-01  4.443250348515e-01  1.188457279128e+00  1.632782313980e+00
 3.900000000000e+00  9.001237773690e+00  1.237773689955e-03  1.118620341749e-01  7.892263743059e+00  4.427159442024e-01  4.441842139206e-01  1.220836098815e+00  1.665020312735e+00
 4.000000000000e+00  9.001242237399e+00  1.242237399004e-03  1.122624509738e-01  7.860626570135e+00  4.424631116821e-01  4.440321659330e-01  1.252878152246e+00  1.696910318179e+00
 4.100000000000e+00  9.001246686629e+00  1.246686629357e-03  1.126615251529e-01  7.829322461627e+00  4.422207065446e-01  4.438710476610e-01  1.284585784164e+00  1.728456831825e+00
 4.200000000000e+00  9.001251121005e+00  1.251121004818e-03  1.130592266395e-01  7.798348870601e+00  4.419869913871e-01  4.437026269564e-01  1.315961511052e+00  1.759664138008e+00
 4.300000000000e+00  9.001255540184e+00  1.255540184242e-03  1.134555279024e-01  7.767703118465e+00  4.417605435469e-01  4.435283543544e-01  1.347007983630e+00  1.790536337984e+00
 4.400000000000e+00  9.001259943856e+00  1.259943855686e-03  1.138504035670e-01  7.737382424518e+00  4.415401982220e-01  4.433494203432e-01  1.377727956913e+00  1.821077377256e+00
 4.500000000000e+00  9.001264331732e+00  1.264331732072e-03  1.142438300940e-01  7.707383929831e+00  4.413250023864e-01  4.431668017753e-01  1.408124266004e+00  1.851291067779e+00
 4.600000000000e+00  9.001268703548e+00  1.268703547717e-03  1.146357855138e-01  7.677704716612e+00  4.411141773098e-01  4.429812996165e-01  1.438199806458e+00  1.881181106075e+00
 4.700000000000e+00  9.001273059055e+00  1.273059055092e-03  1.150262492009e-01  7.648341824862e+00  4.409070862507e-01  4.427935714812e-01  1.467957517402e+00  1.910751088883e+00
 4.800000000000e+00  9.001277398022e+00  1.277398022280e-03  1.154152017126e-01  7.619292264701e+00  4.407032104098e-01  4.426041558431e-01  1.497400369042e+00  1.940004524885e+00
 4.900000000000e+00  9.001281720230e+00  1.281720230232e-03  1.158026245668e-01  7.590553031535e+00  4.405021194412e-01  4.424135017497e-01  1.526531347271e+00  1.968944849021e+00
 5.000000000000e+00  9.001286025472e+00  1.286025471618e-03  1.161885001785e-01  7.562121109602e+00  4.403034641287e-01  4.422219762090e-01  1.555353450057e+00  1.997575426266e+00
 5.100000000000e+00  9.001290313550e+00  1.290313549534e-03  1.165728117932e-01  7.533993479797e+00  4.401069609662e-01  4.420298796789e-01  1.583869679555e+00  2.025899559233e+00
 5.200000000000e+00  9.001294584276e+00  1.294584276070e-03  1.169555433479e-01  7.506167126841e+00  4.399123779041e-01  4.418374604598e-01  1.612083034792e+00  2.053920495251e+00
 5.300000000000e+00  9.001298837472e+00  1.298837471591e-03  1.173366794268e-01  7.478639042590e+00  4.397195275044e-01  4.416449215850e-01  1.639996508317e+00  2.081641429902e+00
 5.400000000000e+00  9.001303072964e+00  1.303072963666e-03  1.177162051647e-01  7.451406230857e+00  4.395282571847e-01  4.414524306748e-01  1.667613081280e+00  2.109065511955e+00
 5.500000000000e+00  9.001307290586e+00  1.307290586246e-03  1.180941062267e-01  7.424465710600e+00  4.393384426311e-01  4.412601265439e-01  1.694935720222e+00  2.136195846766e+00
 5.600000000000e+00  9.001311490179e+00  1.311490179088e-03  1.184703687557e-01  7.397814518949e+00  4.391499814871e-01  4.410681255659e-01  1.721967373994e+00  2.163035499560e+00
 5.700000000000e+00  9.001315671587e+00  1.315671587497e-03  1.188449793766e-01  7.371449712127e+00  4.389627910958e-01  4.408765239280e-01  1.748710972846e+00  2.189587496774e+00
 5.800000000000e+00  9.001319834662e+00  1.319834662151e-03  1.192179251464e-01  7.345368366991e+00  4.387768050156e-01  4.406854011637e-01  1.775169426826e+00  2.215854827990e+00
 5.900000000000e+00  9.001323979259e+00  1.323979258581e-03  1.195891935234e-01  7.319567582549e+00  4.385919696111e-01  4.404948235948e-01  1.801345624242e+00  2.241840447837e+00
 6.000000000000e+00  9.001328105237e+00  1.328105236968e-03  1.199587723537e-01  7.294044480671e+00  4.384082421802e-01  4.403048462170e-01  1.827242430928e+00  2.267547277145e+00
 6.100000000000e+00  9.001332212462e+00  1.332212461755e-03  1.203266498531e-01  7.268796207016e+00  4.382255886921e-01  4.401155149809e-01  1.852862689308e+00  2.292978204289e+00
 6.200000000000e+00  9.001336300802e+00  1.336300801567e-03  1.206928145809e-01  7.243819932161e+00  4.380439810927e-01  4.399268695127e-01  1.878209217230e+00  2.318136086743e+00
 6.300000000000e+00  9.001340370129e+00  1.340370129067e-03  1.210572554942e-01  7.219112850576e+00  4.378633988523e-01  4.397389415122e-01  1.903284809056e+00  2.343023750568e+00
 6.400000000000e+00  9.001344420321e+00  1.344420320590e-03  1.214199618246e-01  7.194672184174e+00  4.376838215552e-01  4.395517622875e-01  1.928092231980e+00  2.367643994267e+00
 6.500000000000e+00  9.001348451257e+00  1.348451256894e-03  1.217809232463e-01  7.170495177055e+00  4.375052386545e-01  4.393653528301e-01  1.952634231457e+00  2.391999584287e+00
 6.600000000000e+00  9.001352462822e+00  1.352462821873e-03  1.221401296816e-01  7.146579102340e+00  4.373276356977e-01  4.391797377867e-01  1.976913524172e+00  2.416093261959e+00
 6.700000000000e+00  9.001356454904e+00  1.356454903653e-03  1.224975713899e-01  7.122921255016e+00  4.371510076852e-01  4.389949320091e-01  2.000932805287e+00  2.439927737296e+00
 6.800000000000e+00  9.001360427394e+00  1.360427393636e-03  1.228532389341e-01  7.099518958073e+00  4.369753467452e-01  4.388109529149e-01  2.024694742263e+00  2.463505695178e+00
 6.900000000000e+00  9.001364380187e+00  1.364380186910e-03  1.232071232332e-01  7.076369558237e+00  4.368006499792e-01  4.386278125885e-01  2.048201979192e+00  2.486829791780e+00
 7.000000000000e+00  9.001368313182e+00  1.368313181981e-03  1.235592154862e-01  7.053470428254e+00  4.366269144514e-01  4.384455228683e-01  2.071457134423e+00  2.509902657292e+00
 7.100000000000e+00  9.001372226281e+00  1.372226280942e-03  1.239095072274e-01  7.030818965946e+00  4.364541386764e-01  4.382640938031e-01  2.094462801571e+00  2.532726895374e+00
 7.200000000000e+00  9.001376119389e+00  1.376119389271e-03  1.242579903019e-01  7.008412594396e+00  4.362823217313e-01  4.380835345654e-01  2.117221549304e+00  2.555305083869e+00
 7.300000000000e+00  9.001379992416e+00  1.379992415983e-03  1.246046568358e-01  6.986248761251e+00  4.361114642043e-01  4.379038525318e-01  2.139735922009e+00  2.577639774541e+00
 7.400000000000e+00  9.001383845273e+00  1.383845273487e-03  1.249494992596e-01  6.964324939157e+00  4.359415668556e-01  4.377250545992e-01  2.162008439385e+00  2.599733493984e+00
 7.500000000000e+00  9.001387677877e+00  1.387677877342e-03  1.252925103284e-01  6.942638626305e+00  4.357726290283e-01  4.375471487538e-01  2.184041595909e+00  2.621588744663e+00
 7.600000000000e+00  9.001391490146e+00  1.391490146352e-03  1.256336831003e-01  6.921187345935e+00  4.356046492023e-01  4.373701435389e-01  2.205837861320e+00  2.643208004859e+00
 7.700000000000e+00  9.001395282003e+00  1.395282003230e-03  1.259730108714e-01  6.899968642416e+00  4.354376324979e-01  4.371940406154e-01  2.227399684467e+00  2.664593725083e+00
 7.800000000000e+00  9.001399053374e+00  1.399053373739e-03  1.263104872503e-01  6.878980085461e+00  4.352715816308e-01  4.370188437330e-01  2.248729489172e+00  2.685748332905e+00
 7.900000000000e+00  9.001402804186e+00  1.402804186276e-03  1.266461061912e-01  6.858219271956e+00  4.351064927081e-01  4.368445629022e-01  2.269829672430e+00  2.706674235332e+00
 8.000000000000e+00  9.001406534373e+00  1.406534372550e-03  1.269798619262e-01  6.837683822104e+00  4.349423626236e-01  4.366712070655e-01  2.290702608204e+00  2.727373815269e+00
 8.100000000000e+00  9.001410243868e+00  1.410243868454e-03  1.273117489127e-01  6.817371374822e+00  4.347791982112e-01  4.364987749955e-01  2.311350651967e+00  2.747849426963e+00
 8.200000000000e+00  9.001413932613e+00  1.413932612917e-03  1.276417619032e-01  6.797279593162e+00  4.346170045115e-01  4.363272669602e-01  2.331776135363e+00  2.768103402323e+00
 8.300000000000e+00  9.001417600547e+00  1.417600547044e-03  1.279698959964e-01  6.777406168222e+00  4.344557761533e-01  4.361566932911e-01  2.351981362330e+00  2.788138055621e+00
 8.400000000000e+00  9.001421247615e+00  1.421247615462e-03  1.282961465477e-01  6.757748812191e+00  4.342955113616e-01  4.359870604631e-01  2.371968615981e+00  2.807955676444e+00
 8.500000000000e+00  9.001424873766e+00  1.424873766490e-03  1.286205091726e-01  6.738305257057e+00  4.341362146234e-01  4.358183684254e-01  2.391740159890e+00  2.827558528316e+00
 8.600000000000e+00  9.001428478952e+00  1.428478951607e-03  1.289429797639e-01  6.719073257029e+00  4.339778908435e-01  4.356506164289e-01  2.411298235695e+00  2.846948852124e+00
 8.700000000000e+00  9.001432063125e+00  1.432063124754e-03  1.292635545145e-01  6.700050591809e+00  4.338205376150e-01  4.354838107337e-01  2.430645059838e+00  2.866128870572e+00
 8.800000000000e+00  9.001435626243e+00  1.435626243247e-03  1.295822298813e-01  6.681235061600e+00  4.336641557870e-01  4.353179540763e-01  2.449782828533e+00  2.885100782610e+00
 8.900000000000e+00  9.001439168267e+00  1.439168267510e-03  1.298990026029e-01  6.662624488377e+00  4.335087468603e-01  4.351530482572e-01  2.468713716502e+00  2.903866764760e+00
 9.000000000000e+00  9.001442689161e+00  1.442689161030e-03  1.302138696923e-01  6.644216715683e+00  4.333543125679e-01  4.349890945666e-01  2.487439877179e+00  2.922428971745e+00
 9.100000000000e+00  9.001446188890e+00  1.446188890262e-03  1.305268284243e-01  6.626009608436e+00  4.332008538412e-01  4.348260948322e-01  2.505963442888e+00  2.940789537720e+00
 9.200000000000e+00  9.001449667425e+00  1.449667424702e-03  1.308378763472e-01  6.608001052689e+00  4.330483720469e-01  4.346640501690e-01  2.524286525091e+00  2.958950575260e+00
 9.300000000000e+00  9.001453124737e+00  1.453124736666e-03  1.311470112563e-01  6.590188956299e+00  4.328968673869e-01  4.345029626080e-01  2.542411213702e+00  2.976914176310e+00
 9.400000000000e+00  9.001456560801e+00  1.456560801333e-03  1.314542311986e-01  6.572571248427e+00  4.327463393007e-01  4.343428346872e-01  2.560339577582e+00  2.994682412269e+00
 9.500000000000e+00  9.001459975597e+00  1.459975597032e-03  1.317595345111e-01  6.555145877722e+00  4.325967887473e-01  4.341836671324e-01  2.578073666395e+00  3.012257333527e+00
 9.600000000000e+00  9.001463369105e+00  1.463369104879e-03  1.320629197751e-01  6.537910813890e+00  4.324482156817e-01  4.340254614261e-01  2.595615508998e+00  3.029640970425e+00
 9.700000000000e+00  9.001466741309e+00  1.466741308620e-03  1.323643857990e-01  6.520864047057e+00  4.323006199876e-01  4.338682188926e-01  2.612967114060e+00  3.046835332952e+00
 9.800000000000e+00  9.001470092195e+00  1.470092194620e-03  1.326639316169e-01  6.504003587574e+00  4.321540014304e-01  4.337119407460e-01  2.630130470246e+00  3.063842410992e+00
 9.900000000000e+00  9.001473421752e+00  1.473421752395e-03  1.329615565541e-01  6.487327465681e+00  4.320083590680e-01  4.335566286133e-01  2.647107546634e+00  3.080664175248e+00
 1.000000000000e+01  9.001476729974e+00  1.476729974017e-03  1.332572601559e-01  6.470833731470e+00  4.318636917876e-01  4.334022840703e-01  2.663900292668e+00  3.097302576739e+00
 1.010000000000e+01  9.001480016854e+00  1.480016854266e-03  1.335510422224e-01  6.454520454381e+00  4.317199990754e-01  4.332489078358e-01  2.680510638704e+00  3.113759546540e+00
 1.020000000000e+01  9.001483282391e+00  1.483282390593e-03  1.338429028102e-01  6.438385722937e+00  4.315772812319e-01  4.330964995551e-01  2.696940496272e+00  3.130036995827e+00
 1.030000000000e+01  9.001486526583e+00  1.486526583046e-03  1.341328421737e-01  6.422427645418e+00  4.314355364798e-01  4.329450607513e-01  2.713191757347e+00  3.146136818099e+00
 1.040000000000e+01  9.001489749434e+00  1.489749434286e-03  1.344208608151e-01  6.406644348850e+00  4.312947636995e-01  4.327945920390e-01  2.729266295408e+00  3.162060887447e+00
 1.050000000000e+01  9.001492950950e+00  1.492950949791e-03  1.347069594884e-01  6.391033979120e+00  4.311549619052e-01  4.326450936444e-01  2.745165965327e+00  3.177811058972e+00
 1.060000000000e+01  9.001496131138e+00  1.496131137986e-03  1.349911392105e-01  6.375594700827e+00  4.310161304001e-01  4.324965652393e-01  2.760892603530e+00  3.193389168769e+00
 1.070000000000e+01  9.001499290009e+00  1.499290009268e-03  1.352734011790e-01  6.360324696799e+00  4.308782679102e-01  4.323490068894e-01  2.776448028397e+00  3.208797035287e+00
 1.080000000000e+01  9.001502427577e+00  1.502427576839e-03  1.355537468427e-01  6.345222168161e+00  4.307413733949e-01  4.322024181734e-01  2.791834040268e+00  3.224036458441e+00
 1.090000000000e+01  9.001505543856e+00  1.505543856316e-03  1.358321778446e-01  6.330285334383e+00  4.306054455072e-01  4.320567987798e-01  2.807052421327e+00  3.239109220107e+00
 1.100000000000e+01  9.001508638866e+00  1.508638865565e-03  1.361086959817e-01  6.315512433427e+00  4.304704822481e-01  4.319121488925e-01  2.822104935429e+00  3.254017084321e+00
 1.110000000000e+01  9.001511712625e+00  1.511712625300e-03  1.363833033681e-01  6.300901720110e+00  4.303364825502e-01  4.317684674443e-01  2.836993329892e+00  3.268761797337e+00
 1.120000000000e+01  9.001514765159e+00  1.514765158519e-03  1.366560022883e-01  6.286451467179e+00  4.302034449184e-01  4.316257536226e-01  2.851719334277e+00  3.283345087899e+00
 1.130000000000e+01  9.001517796490e+00  1.517796490180e-03  1.369267952032e-01  6.272159964997e+00  4.300713676108e-01  4.314840066837e-01  2.866284660705e+00  3.297768667388e+00
 1.140000000000e+01  9.001520806646e+00  1.520806646469e-03  1.371956846967e-01  6.258025521690e+00  4.299402483281e-01  4.313432263166e-01  2.880691003662e+00  3.312034229978e+00
 1.150000000000e+01  9.001523795657e+00  1.523795657270e-03  1.374626736465e-01  6.244046461821e+00  4.298100853155e-01  4.312034113686e-01  2.894940041491e+00  3.326143452860e+00
 1.160000000000e+01  9.001526763554e+00  1.526763554010e-03  1.377277650728e-01  6.230221127190e+00  4.296808764315e-01  4.310645609296e-01  2.909033435445e+00  3.340097996375e+00
 1.170000000000e+01  9.001529710370e+00  1.529710370305e-03  1.379909622128e-01  6.216547876484e+00  4.295526194553e-01  4.309266739494e-01  2.922972830108e+00  3.353899504057e+00
 1.180000000000e+01  9.001532636142e+00  1.532636142205e-03  1.382522686092e-01  6.203025085294e+00  4.294253122394e-01  4.307897489971e-01  2.936759853465e+00  3.367549602463e+00
 1.190000000000e+01  9.001535540907e+00  1.535540907240e-03  1.385116878213e-01  6.189651145391e+00  4.292989522193e-01  4.306537850401e-01  2.950396117346e+00  3.381049902386e+00
 1.200000000000e+01  9.001538424705e+00  1.538424705117e-03  1.387692236549e-01  6.176424465015e+00  4.291735368047e-01  4.305187808231e-01  2.963883217353e+00  3.394401998176e+00
 1.210000000000e+01  9.001541287578e+00  1.541287577967e-03  1.390248801279e-01  6.163343468645e+00  4.290490633719e-01  4.303847349101e-01  2.977222733070e+00  3.407607467980e+00
 1.220000000000e+01  9.001544129572e+00  1.544129571897e-03  1.392786615650e-01  6.150406596991e+00  4.289255295864e-01  4.302516452646e-01  2.990416228154e+00  3.420667873419e+00
 1.230000000000e+01  9.001546950733e+00  1.546950732591e-03  1.395305723292e-01  6.137612306401e+00  4.288029325075e-01  4.301195104186e-01  3.003465250670e+00  3.433584761088e+00
 1.240000000000e+01  9.001549751109e+00  1.549751108773e-03  1.397806170339e-01  6.124959069041e+00  4.286812693037e-01  4.299883285414e-01  3.016371333110e+00  3.446359661651e+00
 1.250000000000e+01  9.001552530751e+00  1.552530751093e-03  1.400288004377e-01  6.112445372681e+00  4.285605371072e-01  4.298580976919e-01  3.029135992516e+00  3.458994090208e+00
 1.260000000000e+01  9.001555289711e+00  1.555289711201e-03  1.402751272203e-01  6.100069720650e+00  4.284407331858e-01  4.297288158705e-01  3.041760730290e+00  3.471489546161e+00
 1.270000000000e+01  9.001558028044e+00  1.558028044046e-03  1.405196025466e-01  6.087830631372e+00  4.283218545229e-01  4.296004808743e-01  3.054247033228e+00  3.483847514102e+00
 1.280000000000e+01  9.001560745806e+00  1.560745806056e-03  1.407622316215e-01  6.075726638449e+00  4.282038981555e-01  4.294730904048e-01  3.066596372987e+00  3.496069463392e+00
 1.290000000000e+01  9.001563443055e+00  1.563443054836e-03  1.410030197697e-01  6.063756290553e+00  4.280868610257e-01  4.293466421376e-01  3.078810206280e+00  3.508156848418e+00
 1.300000000000e+01  9.001566119845e+00  1.566119844963e-03  1.412419722568e-01  6.051918151898e+00  4.279707395949e-01  4.292211342912e-01  3.090889974213e+00  3.520111108504e+00
 1.310000000000e+01  9.001568776239e+00  1.568776239400e-03  1.414790947598e-01  6.040210800360e+00  4.278555309261e-01  4.290965640626e-01  3.102837104648e+00  3.531933668710e+00
 1.320000000000e+01  9.001571412300e+00  1.571412300404e-03  1.417143929866e-01  6.028632828687e+00  4.277412318385e-01  4.289729288624e-01  3.114653010608e+00  3.543625939471e+00
 1.330000000000e+01  9.001574028092e+00  1.574028091909e-03  1.419478727707e-01  6.017182843980e+00  4.276278391413e-01  4.288502259840e-01  3.126339090892e+00  3.555189316876e+00
 1.340000000000e+01  9.001576623680e+00  1.576623679517e-03  1.421795400682e-01  6.005859467527e+00  4.275153496417e-01  4.287284525985e-01  3.137896730229e+00  3.566625182827e+00
 1.350000000000e+01  9.001579199130e+00  1.579199130372e-03  1.424094009730e-01  5.994661334775e+00  4.274037600891e-01  4.286076057954e-01  3.149327299337e+00  3.577934905133e+00
 1.360000000000e+01  9.001581754510e+00  1.581754509518e-03  1.426374623289e-01  5.983587098846e+00  4.272930651858e-01  4.284876839636e-01  3.160632152001e+00  3.589119835965e+00
 1.370000000000e+01  9.001584289889e+00  1.584289888666e-03  1.428637302403e-01  5.972635421481e+00  4.271832624190e-01  4.283686834399e-01  3.171812632656e+00  3.600181316096e+00
 1.380000000000e+01  9.001586805339e+00  1.586805339099e-03  1.430882112671e-01  5.961804980067e+00  4.270743481761e-01  4.282506012055e-01  3.182870070548e+00  3.611120671754e+00
 1.390000000000e+01  9.001589300934e+00  1.589300933592e-03  1.433109120959e-01  5.951094465522e+00  4.269663188097e-01  4.281334341487e-01  3.193805781516e+00  3.621939215665e+00
 1.400000000000e+01  9.001591776746e+00  1.591776746390e-03  1.435318395373e-01  5.940502582152e+00  4.268591706410e-01  4.280171790631e-01  3.204621068140e+00  3.632638247203e+00
 1.410000000000e+01  9.001594232853e+00  1.594232853194e-03  1.437510005236e-01  5.930028047494e+00  4.267528999651e-01  4.279018326459e-01  3.215317219891e+00  3.643219052537e+00
 1.420000000000e+01  9.001596669331e+00  1.596669331369e-03  1.439684023300e-01  5.919669596693e+00  4.266475018991e-01  4.277873924275e-01  3.225895508977e+00  3.653682901404e+00
 1.430000000000e+01  9.001599086259e+00  1.599086259439e-03  1.441840520807e-01  5.909425972417e+00  4.265429729223e-01  4.276738547254e-01  3.236357199931e+00  3.664031054657e+00
 1.440000000000e+01  9.001601483717e+00  1.601483717421e-03  1.443979570979e-01  5.899295931801e+00  4.264393090699e-01  4.275612161027e-01  3.246703543023e+00  3.674264759125e+00
 1.450000000000e+01  9.001603861787e+00  1.603861786748e-03  1.446101248379e-01  5.889278245072e+00  4.263365062488e-01  4.274494731144e-01  3.256935775561e+00  3.684385248676e+00
 1.460000000000e+01  9.001606220550e+00  1.606220550240e-03  1.448205628757e-01  5.879371695125e+00  4.262345603120e-01  4.273386222499e-01  3.267055122309e+00  3.694393744559e+00
 1.470000000000e+01  9.001608560092e+00  1.608560092090e-03  1.450292789030e-01  5.869575077386e+00  4.261334670595e-01  4.272286599334e-01  3.277062795617e+00  3.704291455551e+00
 1.480000000000e+01  9.001610880493e+00  1.610880492797e-03  1.452362802068e-01  5.859887202267e+00  4.260332225668e-01  4.271195827214e-01  3.286959992441e+00  3.714079575163e+00
 1.490000000000e+01  9.001613181839e+00  1.613181839076e-03  1.454415746880e-01  5.850306889924e+00  4.259338225438e-01  4.270113869169e-01  3.296747900612e+00  3.723759287529e+00
 1.500000000000e+01  9.001615464219e+00  1.615464218630e-03  1.456451703236e-01  5.840832972799e+00  4.258352626730e-01  4.269040687727e-01  3.306427695752e+00  3.733331764524e+00
 1.510000000000e+01  9.001617727719e+00  1.617727719316e-03  1.458470750801e-01  5.831464295903e+00  4.257375386641e-01  4.267976245244e-01  3.316000540905e+00  3.742798165429e+00
 1.520000000000e+01  9.001619972430e+00  1.619972430027e-03  1.460472970045e-01  5.822199716212e+00  4.256406461972e-01  4.266920503561e-01  3.325467587231e+00  3.752159637587e+00
 1.530000000000e+01  9.001622198441e+00  1.622198440660e-03  1.462458442203e-01  5.813038102539e+00  4.255445809252e-01  4.265873424018e-01  3.334829974130e+00  3.761417316532e+00
 1.540000000000e+01  9.001624405836e+00  1.624405835839e-03  1.464427245339e-01  5.803978336651e+00  4.254493388009e-01  4.264834968172e-01  3.344088827727e+00  3.770572324544e+00
 1.550000000000e+01  9.001626594705e+00  1.626594705203e-03  1.466379460753e-01  5.795019311077e+00  4.253549155428e-01  4.263805096646e-01  3.353245263713e+00  3.779625773377e+00
 1.560000000000e+01  9.001628765141e+00  1.628765141466e-03  1.468315171751e-01  5.786159929355e+00  4.252613067360e-01  4.262783769353e-01  3.362300386970e+00  3.788578763905e+00
 1.570000000000e+01  9.001630917236e+00  1.630917235725e-03  1.470234460702e-01  5.777399106841e+00  4.251685080777e-01  4.261770946042e-01  3.371255290474e+00  3.797432385078e+00
 1.580000000000e+01  9.001633051080e+00  1.633051079530e-03  1.472137410311e-01  5.768735770147e+00  4.250765152699e-01  4.260766586074e-01  3.380111055972e+00  3.806187714579e+00
 1.590000000000e+01  9.001635166765e+00  1.635166764820e-03  1.474024103563e-01  5.760168857029e+00  4.249853240234e-01  4.259770648433e-01  3.388868754101e+00  3.814845818944e+00
 1.600000000000e+01  9.001637264388e+00  1.637264388501e-03  1.475894630579e-01  5.751697317891e+00  4.248949293501e-01  4.258783091913e-01  3.397529443564e+00  3.823407752755e+00
 1.610000000000e+01  9.001639344047e+00  1.639344046795e-03  1.477749080223e-01  5.743320113688e+00  4.248053264253e-01  4.257803874935e-01  3.406094172390e+00  3.831874559883e+00
 1.620000000000e+01  9.001641405832e+00  1.641405831788e-03  1.479587535003e-01  5.735036214597e+00  4.247165111118e-01  4.256832955440e-01  3.414563978744e+00  3.840247274287e+00
 1.630000000000e+01  9.001643449839e+00  1.643449838689e-03  1.481410081910e-01  5.726844602483e+00  4.246284788412e-01  4.255870291170e-01  3.422939889556e+00  3.848526918673e+00
 1.640000000000e+01  9.001645476163e+00  1.645476163167e-03  1.483216808494e-01  5.718744269850e+00  4.245412250165e-01  4.254915839588e-01  3.431222921172e+00  3.856714505130e+00
 1.650000000000e+01  9.001647484901e+00  1.647484901323e-03  1.485007802847e-01  5.710734219728e+00  4.244547450120e-01  4.253969557899e-01  3.439414079466e+00  3.864811035256e+00
 1.660000000000e+01  9.001649476157e+00  1.649476157299e-03  1.486783158846e-01  5.702813466892e+00  4.243690337878e-01  4.253031401582e-01  3.447514359159e+00  3.872817499317e+00
 1.670000000000e+01  9.001651450039e+00  1.651450039303e-03  1.488542973418e-01  5.694981037050e+00  4.242840860889e-01  4.252101325178e-01  3.455524744340e+00  3.880734876858e+00
 1.680000000000e+01  9.001653406642e+00  1.653406641692e-03  1.490287334240e-01  5.687235963617e+00  4.241998973460e-01  4.251179285762e-01  3.463446210457e+00  3.888564139034e+00
 1.690000000000e+01  9.001655346067e+00  1.655346066871e-03  1.492016334790e-01  5.679577291418e+00  4.241164625702e-01  4.250265238717e-01  3.471279722137e+00  3.896306246008e+00
 1.700000000000e+01  9.001657268418e+00  1.657268418292e-03  1.493730069549e-01  5.672004075359e+00  4.240337767042e-01  4.249359139104e-01  3.479026234023e+00  3.903962147933e+00
 1.710000000000e+01  9.001659173800e+00  1.659173800479e-03  1.495428634023e-01  5.664515380321e+00  4.239518346190e-01  4.248460941661e-01  3.486686690891e+00  3.911532785057e+00
 1.720000000000e+01  9.001661062315e+00  1.661062314822e-03  1.497112118066e-01  5.657110281022e+00  4.238706318070e-01  4.247570600594e-01  3.494262027108e+00  3.919019087167e+00
 1.730000000000e+01  9.001662934057e+00  1.662934056630e-03  1.498780601222e-01  5.649787861896e+00  4.237901648665e-01  4.246688069425e-01  3.501753166291e+00  3.926421973234e+00
 1.740000000000e+01  9.001664789137e+00  1.664789136974e-03  1.500434187270e-01  5.642547217124e+00  4.237104279092e-01  4.245813302147e-01  3.509161024748e+00  3.933742354963e+00
 1.750000000000e+01  9.001666627661e+00  1.666627661014e-03  1.502072969924e-01  5.635387450387e+00  4.236314161254e-01  4.244946252091e-01  3.516486508275e+00  3.940981133484e+00
 1.760000000000e+01  9.001668449734e+00  1.668449734460e-03  1.503697043031e-01  5.628307674802e+00  4.235531247232e-01  4.244086872271e-01  3.523730513244e+00  3.948139200472e+00
 1.770000000000e+01  9.001670255464e+00  1.670255463541e-03  1.505306500527e-01  5.621307012812e+00  4.234755489326e-01  4.243235115389e-01  3.530893926713e+00  3.955217438252e+00
 1.780000000000e+01  9.001672044949e+00  1.672044948932e-03  1.506901432237e-01  5.614384595991e+00  4.233986842886e-01  4.242390935266e-01  3.537977626190e+00  3.962216719717e+00
 1.790000000000e+01  9.001673818265e+00  1.673818265008e-03  1.508481909617e-01  5.607539564628e+00  4.233225275890e-01  4.241554291722e-01  3.544982478607e+00  3.969137907780e+00
 1.800000000000e+01  9.001675575529e+00  1.675575529306e-03  1.510048033353e-01  5.600771068653e+00  4.232470737008e-01  4.240725134225e-01  3.551909344220e+00  3.975981857643e+00
 1.810000000000e+01  9.001677316841e+00  1.677316840799e-03  1.511599891005e-01  5.594078266612e+00  4.231723184042e-01  4.239903416424e-01  3.558759073338e+00  3.982749414980e+00
 1.820000000000e+01  9.001679042297e+00  1.679042297371e-03  1.513137568957e-01  5.587460325821e+00  4.230982575920e-01  4.239089092028e-01  3.565532507381e+00  3.989441416584e+00
 1.830000000000e+01  9.001680751996e+00  1.680751995688e-03  1.514661152295e-01  5.580916422255e+00  4.230248872784e-01  4.238282114843e-01  3.572230478979e+00  3.996058690463e+00
 1.840000000000e+01  9.001682446033e+00  1.682446033510e-03  1.516170728354e-01  5.574445740896e+00  4.229522032443e-01  4.237482438747e-01  3.578853811981e+00  4.002602055856e+00
 1.850000000000e+01  9.001684124546e+00  1.684124546223e-03  1.517666441649e-01  5.568047482483e+00  4.228801955778e-01  4.236690016989e-01  3.585403320237e+00  4.009072321936e+00
 1.860000000000e+01  9.001685787613e+00  1.685787613066e-03  1.519148353120e-01  5.561720845883e+00  4.228088626538e-01  4.235904804090e-01  3.591879811051e+00  4.015470291460e+00
 1.870000000000e+01  9.001687435334e+00  1.687435334457e-03  1.520616556333e-01  5.555465042474e+00  4.227381995879e-01  4.235126754321e-01  3.598284082502e+00  4.021796757934e+00
 1.880000000000e+01  9.001689067811e+00  1.689067810606e-03  1.522071145431e-01  5.549279292056e+00  4.226682014180e-01  4.234355822161e-01  3.604616924306e+00  4.028052506522e+00
 1.890000000000e+01  9.001690685141e+00  1.690685141502e-03  1.523512215184e-01  5.543162822766e+00  4.225988630957e-01  4.233591962322e-01  3.610879117902e+00  4.034238314134e+00
 1.900000000000e+01  9.001692287427e+00  1.692287426900e-03  1.524939861051e-01  5.537114870988e+00  4.225301794784e-01  4.232835129775e-01  3.617071436552e+00  4.040354949530e+00
 1.910000000000e+01  9.001693874820e+00  1.693874819697e-03  1.526354194447e-01  5.531134684507e+00  4.224621453484e-01  4.232085263750e-01  3.623194643766e+00  4.046403170141e+00
 1.920000000000e+01  9.001695447406e+00  1.695447405830e-03  1.527755308561e-01  5.525221515133e+00  4.223947553441e-01  4.231342323819e-01  3.629249497138e+00  4.052383729520e+00
 1.930000000000e+01  9.001697005295e+00  1.697005294775e-03  1.529143304213e-01  5.519374624109e+00  4.223280039974e-01  4.230606262744e-01  3.635236745616e+00  4.058297371890e+00
 1.940000000000e+01  9.001698548600e+00  1.698548599709e-03  1.530518284256e-01  5.513593280818e+00  4.222618857162e-01  4.229877032463e-01  3.641157130216e+00  4.064144833462e+00
 1.950000000000e+01  9.001700077436e+00  1.700077435741e-03  1.531880353132e-01  5.507876762590e+00  4.221963947751e-01  4.229154584638e-01  3.647011384168e+00  4.069926842632e+00
 1.960000000000e+01  9.001701591920e+00  1.701591920052e-03  1.533229616964e-01  5.502224354622e+00  4.221315253075e-01  4.228438870638e-01  3.652800233004e+00  4.075644120067e+00
 1.970000000000e+01  9.001703092124e+00  1.703092123729e-03  1.534566128252e-01  5.496635346189e+00  4.220672770155e-01  4.227729840235e-01  3.658524392769e+00  4.081297376792e+00
 1.980000000000e+01  9.001704578170e+00  1.704578170194e-03  1.535889998718e-01  5.491109038120e+00  4.220036435249e-01  4.227027444209e-01  3.664184573930e+00  4.086887318351e+00
 1.990000000000e+01  9.001706050178e+00  1.706050177584e-03  1.537201333157e-01  5.485644738283e+00  4.219406192152e-01  4.226331632793e-01  3.669781479219e+00  4.092414642498e+00
 2.000000000000e+01  9.001707508257e+00  1.707508257415e-03  1.538500227840e-01  5.480241761388e+00  4.218781993854e-01  4.225642355611e-01  3.675315803662e+00  4.097880039223e+00
 2.010000000000e+01  9.001708952522e+00  1.708952521565e-03  1.539786778467e-01  5.474899429440e+00  4.218163794348e-01  4.224959561848e-01  3.680788234937e+00  4.103284191122e+00
 2.020000000000e+01  9.001710383082e+00  1.710383082257e-03  1.541061080091e-01  5.469617071645e+00  4.217551548740e-01  4.224283200225e-01  3.686199453455e+00  4.108627773478e+00
 2.030000000000e+01  9.001711799986e+00  1.711799986021e-03  1.542323184850e-01  5.464394021233e+00  4.216945237185e-01  4.223613237984e-01  3.691550131246e+00  4.113911455045e+00
 2.040000000000e+01  9.001713203329e+00  1.713203329151e-03  1.543573175663e-01  5.459229620772e+00  4.216344823304e-01  4.222949627620e-01  3.696840934132e+00  4.119135896894e+00
 2.050000000000e+01  9.001714593223e+00  1.714593222679e-03  1.544811143783e-01  5.454123220435e+00  4.215750266930e-01  4.222292316939e-01  3.702072521175e+00  4.124301752869e+00
 2.060000000000e+01  9.001715969755e+00  1.715969755038e-03  1.546037164869e-01  5.449074176167e+00  4.215161537681e-01  4.221641259778e-01  3.707245544084e+00  4.129409670061e+00
 2.070000000000e+01  9.001717333011e+00  1.717333010971e-03  1.547251310997e-01  5.444081850480e+00  4.214578608240e-01  4.220996410531e-01  3.712360647639e+00  4.134460288692e+00
 2.080000000000e+01  9.001718683071e+00  1.718683071246e-03  1.548453650412e-01  5.439145612349e+00  4.214001454549e-01  4.220357724206e-01  3.717418469772e+00  4.139454242192e+00
 2.090000000000e+01  9.001720020049e+00  1.720020049464e-03  1.549644306008e-01  5.434264843230e+00  4.213429995294e-01  4.219725158082e-01  3.722419641429e+00  4.144392157237e+00
 2.100000000000e+01  9.001721344055e+00  1.721344054676e-03  1.550823396334e-01  5.429438930832e+00  4.212864152836e-01  4.219098670162e-01  3.727364786865e+00  4.149274653881e+00
 2.110000000000e+01  9.001722655165e+00  1.722655165094e-03  1.551990994149e-01  5.424667264733e+00  4.212303895986e-01  4.218478218093e-01  3.732254523856e+00  4.154102345665e+00
 2.120000000000e+01  9.001723953477e+00  1.723953476855e-03  1.553147203855e-01  5.419949244360e+00  4.211749159905e-01  4.217863761350e-01  3.737089463511e+00  4.158875839646e+00
 2.130000000000e+01  9.001725239094e+00  1.725239094434e-03  1.554292132476e-01  5.415284275943e+00  4.211199879043e-01  4.217255257415e-01  3.741870210407e+00  4.163595736149e+00
 2.140000000000e+01  9.001726512175e+00  1.726512174789e-03  1.555425865442e-01  5.410671770227e+00  4.210656032260e-01  4.216652640429e-01  3.746597362501e+00  4.168262626543e+00
 2.150000000000e+01  9.001727772819e+00  1.727772819107e-03  1.556548529320e-01  5.406111148150e+00  4.210117527937e-01  4.216055874430e-01  3.751271511610e+00  4.172877099053e+00
 2.160000000000e+01  9.001729021159e+00  1.729021159206e-03  1.557660243482e-01  5.401601836352e+00  4.209584293483e-01  4.215464911322e-01  3.755893243164e+00  4.177439734297e+00
 2.170000000000e+01  9.001730257336e+00  1.730257335947e-03  1.558761133391e-01  5.397143268321e+00  4.209056251431e-01  4.214879701697e-01  3.760463136362e+00  4.181951106532e+00
 2.180000000000e+01  9.001731481393e+00  1.731481392797e-03  1.559851215309e-01  5.392734873243e+00  4.208533431009e-01  4.214300199633e-01  3.764981763689e+00  4.186411783652e+00
 2.190000000000e+01  9.001732693429e+00  1.732693428541e-03  1.560930560489e-01  5.388376091717e+00  4.208015809632e-01  4.213726355472e-01  3.769449691769e+00  4.190822327316e+00
 2.200000000000e+01  9.001733893579e+00  1.733893579061e-03  1.561999275015e-01  5.384066373748e+00  4.207503332543e-01  4.213158116530e-01  3.773867481341e+00  4.195183292994e+00
 2.210000000000e+01  9.001735081950e+00  1.735081949985e-03  1.563057426668e-01  5.379805171649e+00  4.206995983636e-01  4.212595430075e-01  3.778235686977e+00  4.199495229984e+00
 2.220000000000e+01  9.001736258632e+00  1.736258631870e-03  1.564105093595e-01  5.375591944820e+00  4.206493731024e-01  4.212038248941e-01  3.782554857180e+00  4.203758682074e+00
 2.230000000000e+01  9.001737423673e+00  1.737423673349e-03  1.565142406200e-01  5.371426164087e+00  4.205996470282e-01  4.211486546662e-01  3.786825534215e+00  4.207974188881e+00
 2.240000000000e+01  9.001738577168e+00  1.738577168335e-03  1.566169402739e-01  5.367307296491e+00  4.205504218957e-01  4.210940266499e-01  3.791048254960e+00  4.212142281610e+00
 2.250000000000e+01  9.001739719181e+00  1.739719180858e-03  1.567186150118e-01  5.363234817904e+00  4.205016953371e-01  4.210399364581e-01  3.795223550298e+00  4.216263486756e+00
 2.260000000000e+01  9.001740849764e+00  1.740849764121e-03  1.568192710784e-01  5.359208209490e+00  4.204534653028e-01  4.209863798425e-01  3.799351945361e+00  4.220338325203e+00
 2.270000000000e+01  9.001741969102e+00  1.741969101928e-03  1.569189232016e-01  5.355226966453e+00  4.204057212600e-01  4.209333524243e-01  3.803433959859e+00  4.224367312284e+00
 2.280000000000e+01  9.001743077261e+00  1.743077260573e-03  1.570175790380e-01  5.351290582637e+00  4.203584594780e-01  4.208808502113e-01  3.807470107670e+00  4.228350957882e+00
 2.290000000000e+01  9.001744174308e+00  1.744174308221e-03  1.571152467178e-01  5.347398557908e+00  4.203116755892e-01  4.208288693726e-01  3.811460897127e+00  4.232289766500e+00
 2.300000000000e+01  9.001745260333e+00  1.745260333154e-03  1.572119360313e-01  5.343550399257e+00  4.202653634053e-01  4.207774062181e-01  3.815406831116e+00  4.236184237334e+00
 2.310000000000e+01  9.001746335440e+00  1.746335439785e-03  1.573076553166e-01  5.339745617611e+00  4.202195189413e-01  4.207264562902e-01  3.819308407154e+00  4.240034863445e+00
 2.320000000000e+01  9.001747399755e+00  1.747399754917e-03  1.574024107182e-01  5.335983727008e+00  4.201741415251e-01  4.206760139897e-01  3.823166117474e+00  4.243842131464e+00
 2.330000000000e+01  9.001748453377e+00  1.748453376924e-03  1.574962134663e-01  5.332264251953e+00  4.201292230993e-01  4.206260760454e-01  3.826980448899e+00  4.247606524944e+00
 2.340000000000e+01  9.001749496425e+00  1.749496425423e-03  1.575890730349e-01  5.328586720383e+00  4.200847583113e-01  4.205766382163e-01  3.830751883086e+00  4.251328521302e+00
 2.350000000000e+01  9.001750529028e+00  1.750529028269e-03  1.576809991081e-01  5.324950665607e+00  4.200407416362e-01  4.205276962153e-01  3.834480896538e+00  4.255008592753e+00
 2.360000000000e+01  9.001751551176e+00  1.751551176212e-03  1.577719947715e-01  5.321355620002e+00  4.199971745071e-01  4.204792455330e-01  3.838167959954e+00  4.258647205487e+00
 2.370000000000e+01  9.001752563013e+00  1.752563012643e-03  1.578620700088e-01  5.317801127325e+00  4.199540512149e-01  4.204312817515e-01  3.841813539705e+00  4.262244821456e+00
 2.380000000000e+01  9.001753564637e+00  1.753564636983e-03  1.579512325003e-01  5.314286734215e+00  4.199113685402e-01  4.203838003103e-01  3.845418096930e+00  4.265801897241e+00
 2.390000000000e+01  9.001754556141e+00  1.754556141146e-03  1.580394892991e-01  5.310811991669e+00  4.198691240126e-01  4.203367965350e-01  3.848982087780e+00  4.269318884315e+00
 2.400000000000e+01  9.001755537604e+00  1.755537603627e-03  1.581268489505e-01  5.307376457415e+00  4.198273128222e-01  4.202902666115e-01  3.852505963148e+00  4.272796229759e+00
 2.410000000000e+01  9.001756509095e+00  1.756509094737e-03  1.582133204112e-01  5.303979694596e+00  4.197859294358e-01  4.202442070461e-01  3.855990168919e+00  4.276234375965e+00
 2.420000000000e+01  9.001757470694e+00  1.757470693555e-03  1.582989098323e-01  5.300621267945e+00  4.197449724238e-01  4.201986130382e-01  3.859435146590e+00  4.279633759628e+00
 2.430000000000e+01  9.001758422466e+00  1.758422466413e-03  1.583836243599e-01  5.297300748194e+00  4.197044387363e-01  4.201534804253e-01  3.862841332641e+00  4.282994813066e+00
 2.440000000000e+01  9.001759364478e+00  1.759364478208e-03  1.584674711606e-01  5.294017710854e+00  4.196643252344e-01  4.201088051146e-01  3.866209158793e+00  4.286317963908e+00
 2.450000000000e+01  9.001760296898e+00  1.760296898369e-03  1.585504612198e-01  5.290771740122e+00  4.196246244306e-01  4.200645834391e-01  3.869539052005e+00  4.289603635444e+00
 2.460000000000e+01  9.001761219765e+00  1.761219764887e-03  1.586326009353e-01  5.287562420070e+00  4.195853338949e-01  4.200208113928e-01  3.872831434639e+00  4.292852246032e+00
 2.470000000000e+01  9.001762133163e+00  1.762133162867e-03  1.587138985060e-01  5.284389341252e+00  4.195464490939e-01  4.199774852251e-01  3.876086724425e+00  4.296064209650e+00
 2.480000000000e+01  9.001763037179e+00  1.763037178970e-03  1.587943623222e-01  5.281252098976e+00  4.195079651866e-01  4.199346013001e-01  3.879305334534e+00  4.299239935834e+00
 2.490000000000e+01  9.001763931905e+00  1.763931905202e-03  1.588739991430e-01  5.278150291324e+00  4.194698796813e-01  4.198921552583e-01  3.882487673733e+00  4.302379828991e+00
 2.500000000000e+01  9.001764817435e+00  1.764817435448e-03  1.589528162058e-01  5.275083521333e+00  4.194321893667e-01  4.198501429799e-01  3.885634146317e+00  4.305484289297e+00
 2.510000000000e+01  9.001765693864e+00  1.765693864401e-03  1.590308220448e-01  5.272051397804e+00  4.193948891222e-01  4.198085609564e-01  3.888745152114e+00  4.308553713070e+00
 2.520000000000e+01  9.001766561292e+00  1.766561291630e-03  1.591080245099e-01  5.269053533163e+00  4.193579748065e-01  4.197674053798e-01  3.891821086647e+00  4.311588492027e+00
 2.530000000000e+01  9.001767419809e+00  1.767419808737e-03  1.591844311285e-01  5.266089543831e+00  4.193214426470e-01  4.197266724036e-01  3.894862341115e+00  4.314589013518e+00
 2.540000000000e+01  9.001768269443e+00  1.768269443472e-03  1.592600475565e-01  5.263159048742e+00  4.192852910922e-01  4.196863578958e-01  3.897869302266e+00  4.317555660162e+00
 2.550000000000e+01  9.001769110310e+00  1.769110309557e-03  1.593348816902e-01  5.260261673093e+00  4.192495159038e-01  4.196464580843e-01  3.900842352915e+00  4.320488810999e+00
 2.560000000000e+01  9.001769942487e+00  1.769942486734e-03  1.594089403542e-01  5.257397045231e+00  4.192141141155e-01  4.196069690314e-01  3.903781871619e+00  4.323388840650e+00
 2.570000000000e+01  9.001770766052e+00  1.770766052125e-03  1.594822301533e-01  5.254564797386e+00  4.191790830177e-01  4.195678867647e-01  3.906688232828e+00  4.326256119593e+00
 2.580000000000e+01  9.001771581084e+00  1.771581084243e-03  1.595547592352e-01  5.251764567768e+00  4.191444177451e-01  4.195292079233e-01  3.909561806560e+00  4.329091014483e+00
 2.590000000000e+01  9.001772387656e+00  1.772387656052e-03  1.596265345523e-01  5.248995997198e+00  4.191101150225e-01  4.194909287570e-01  3.912402959019e+00  4.331893887776e+00
 2.600000000000e+01  9.001773185836e+00  1.773185836407e-03  1.596975625693e-01  5.246258729920e+00  4.190761721963e-01  4.194530453859e-01  3.915212052495e+00  4.334665097880e+00
 2.610000000000e+01  9.001773975692e+00  1.773975691733e-03  1.597678500672e-01  5.243552414532e+00  4.190425861329e-01  4.194155540961e-01  3.917989445236e+00  4.337404999332e+00
 2.620000000000e+01  9.001774757300e+00  1.774757299758e-03  1.598374040811e-01  5.240876703877e+00  4.190093533425e-01  4.193784512645e-01  3.920735491512e+00  4.340113942777e+00
 2.630000000000e+01  9.001775530771e+00  1.775530771271e-03  1.599062323718e-01  5.238231255588e+00  4.189764693905e-01  4.193417334543e-01  3.923450541563e+00  4.342792275017e+00
 2.640000000000e+01  9.001776296163e+00  1.776296163092e-03  1.599743415773e-01  5.235615729728e+00  4.189439311995e-01  4.193053970480e-01  3.926134942021e+00  4.345440339069e+00
 2.650000000000e+01  9.001777053554e+00  1.777053553891e-03  1.600417388377e-01  5.233029790776e+00  4.189117350239e-01  4.192694385724e-01  3.928789035624e+00  4.348058474196e+00
 2.660000000000e+01  9.001777803024e+00  1.777803023682e-03  1.601084313653e-01  5.230473107049e+00  4.188798769846e-01  4.192338546143e-01  3.931413161349e+00  4.350647015963e+00
 2.670000000000e+01  9.001778544644e+00  1.778544643580e-03  1.601744248043e-01  5.227945349042e+00  4.188483551853e-01  4.191986413547e-01  3.934007654415e+00  4.353206295769e+00
 2.680000000000e+01  9.001779278495e+00  1.779278495171e-03  1.602397262488e-01  5.225446192356e+00  4.188171658175e-01  4.191637954264e-01  3.936572846397e+00  4.355736641823e+00
 2.690000000000e+01  9.001780004660e+00  1.780004660073e-03  1.603043425726e-01  5.222975316013e+00  4.187863053152e-01  4.191293134400e-01  3.939109065229e+00  4.358238378669e+00
 2.700000000000e+01  9.001780723220e+00  1.780723220146e-03  1.603682804330e-01  5.220532402416e+00  4.187557703501e-01  4.190951919846e-01  3.941616635245e+00  4.360711827230e+00
 2.710000000000e+01  9.001781434243e+00  1.781434243472e-03  1.604315461980e-01  5.218117137271e+00  4.187255579275e-01  4.190614276190e-01  3.944095877180e+00  4.363157304798e+00
 2.720000000000e+01  9.001782137784e+00  1.782137783685e-03  1.604941459312e-01  5.215729209523e+00  4.186956654054e-01  4.190280168677e-01  3.946547108201e+00  4.365575125068e+00
 2.730000000000e+01  9.001782833924e+00  1.782833923798e-03  1.605560860522e-01  5.213368311885e+00  4.186660896346e-01  4.189949563773e-01  3.948970642099e+00  4.367965598476e+00
 2.740000000000e+01  9.001783522732e+00  1.783522732129e-03  1.606173726608e-01  5.211034140217e+00  4.186368278383e-01  4.189622427567e-01  3.951366789185e+00  4.370329031942e+00
 2.750000000000e+01  9.001784204275e+00  1.784204274806e-03  1.606780117207e-01  5.208726393635e+00  4.186078773716e-01  4.189298726208e-01  3.953735856369e+00  4.372665728990e+00
 2.760000000000e+01  9.001784878631e+00  1.784878630713e-03  1.607380105680e-01  5.206444776283e+00  4.185792338951e-01  4.188978428940e-01  3.956078146924e+00  4.374975989818e+00
 2.770000000000e+01  9.001785545860e+00  1.785545860354e-03  1.607973748082e-01  5.204188993579e+00  4.185508951345e-01  4.188661501847e-01  3.958393961098e+00  4.377260111283e+00
 2.780000000000e+01  9.001786206028e+00  1.786206028140e-03  1.608561105590e-01  5.201958754856e+00  4.185228581637e-01  4.188347912370e-01  3.960683595739e+00  4.379518386976e+00
 2.790000000000e+01  9.001786859197e+00  1.786859196965e-03  1.609142239196e-01  5.199753772694e+00  4.184951200481e-01  4.188037628232e-01  3.962947344432e+00  4.381751107255e+00
 2.800000000000e+01  9.001787505442e+00  1.787505441900e-03  1.609717210852e-01  5.197573763114e+00  4.184676776933e-01  4.187730617675e-01  3.965185497422e+00  4.383958559189e+00
 2.810000000000e+01  9.001788144840e+00  1.788144839700e-03  1.610286082582e-01  5.195418445362e+00  4.184405279632e-01  4.187426849267e-01  3.967398341745e+00  4.386141026671e+00
 2.820000000000e+01  9.001788777452e+00  1.788777451905e-03  1.610848915007e-01  5.193287541562e+00  4.184136678743e-01  4.187126291610e-01  3.969586161399e+00  4.388298790560e+00
 2.830000000000e+01  9.001789403348e+00  1.789403347988e-03  1.611405769466e-01  5.191180777108e+00  4.183870943173e-01  4.186828913760e-01  3.971749237195e+00  4.390432128571e+00
 2.840000000000e+01  9.001790022596e+00  1.790022596224e-03  1.611956706108e-01  5.189097880388e+00  4.183608042878e-01  4.186534684930e-01  3.973887846827e+00  4.392541315320e+00
 2.850000000000e+01  9.001790635243e+00  1.790635243335e-03  1.612501770633e-01  5.187038581642e+00  4.183347964124e-01  4.186243572688e-01  3.976002264674e+00  4.394626621943e+00
 2.860000000000e+01  9.001791241368e+00  1.791241367523e-03  1.613041028656e-01  5.185002615799e+00  4.183090669919e-01  4.185955547629e-01  3.978092762443e+00  4.396688317206e+00
 2.870000000000e+01  9.001791841037e+00  1.791841036607e-03  1.613574538493e-01  5.182989720170e+00  4.182836131346e-01  4.185670579674e-01  3.980159608724e+00  4.398726666692e+00
 2.880000000000e+01  9.001792434319e+00  1.792434319421e-03  1.614102358506e-01  5.180999635023e+00  4.182584319102e-01  4.185388639076e-01  3.982203069155e+00  4.400741933063e+00
 2.890000000000e+01  9.001793021286e+00  1.793021286024e-03  1.614624547198e-01  5.179032103556e+00  4.182335203391e-01  4.185109696429e-01  3.984223406458e+00  4.402734376101e+00
 2.900000000000e+01  9.001793602008e+00  1.793602007923e-03  1.615141163298e-01  5.177086871870e+00  4.182088753817e-01  4.184833722685e-01  3.986220880476e+00  4.404704252745e+00
 2.910000000000e+01  9.001794176528e+00  1.794176527690e-03  1.615652255926e-01  5.175163688290e+00  4.181844951247e-01  4.184560687428e-01  3.988195747839e+00  4.406651816581e+00
 2.920000000000e+01  9.001794744878e+00  1.794744878349e-03  1.616157870905e-01  5.173262303746e+00  4.181603780208e-01  4.184290559983e-01  3.990148262231e+00  4.408577318229e+00
 2.930000000000e+01  9.001795307150e+00  1.795307150483e-03  1.616658072561e-01  5.171382473169e+00  4.181365202600e-01  4.184023313212e-01  3.992078675246e+00  4.410481006567e+00
 2.940000000000e+01  9.001795863407e+00  1.795863406915e-03  1.617152916058e-01  5.169523953642e+00  4.181129191066e-01  4.183758918686e-01  3.993987235380e+00  4.412363127248e+00
 2.950000000000e+01  9.001796413711e+00  1.796413710689e-03  1.617642456491e-01  5.167686504963e+00  4.180895718011e-01  4.183497348269e-01  3.995874188406e+00  4.414223923233e+00
 2.960000000000e+01  9.001796958125e+00  1.796958125177e-03  1.618126748952e-01  5.165869889616e+00  4.180664755548e-01  4.183238574128e-01  3.997739777413e+00  4.416063634825e+00
 2.970000000000e+01  9.001797496714e+00  1.797496714173e-03  1.618605848571e-01  5.164073872743e+00  4.180436275431e-01  4.182982568736e-01  3.999584242837e+00  4.417882499711e+00
 2.980000000000e+01  9.001798029508e+00  1.798029508124e-03  1.619079793605e-01  5.162298221575e+00  4.180210268547e-01  4.182729302646e-01  4.001407821302e+00  4.419680751566e+00
 2.990000000000e+01  9.001798556571e+00  1.798556571426e-03  1.619548639159e-01  5.160542706467e+00  4.179986706071e-01  4.182478748935e-01  4.003210748029e+00  4.421458622923e+00
 3.000000000000e+01  9.001799077968e+00  1.799077968465e-03  1.620012440175e-01  5.158807100322e+00  4.179765559059e-01  4.182230880960e-01  4.004993255672e+00  4.423216343768e+00
