              time               Lfree               Rfree                  LR               Sfree                 LRS                LRSp                  Sp               mSOCS                SOCS              LRSOCS               pSTAT
 0.000000000000e+00  1.000000000000e+01  1.000000000000e+00  0.000000000000e+00  1.000000000000e+01  0.000000000000e+00  0.000000000000e+00  0.000000000000e+00  0.000000000000e+00  0.000000000000e+00  0.000000000000e+00  0.000000000000e+00
 5.000000000000e-01  9.011876024260e+00  1.187602425970e-02  1.286570566752e-01  9.101925786988e+00  6.624899022860e-01  1.969769466562e-01  3.433446484839e-02  4.512568602859e-04  3.857832550354e-06  0.000000000000e+00  2.355843107271e-01
 1.000000000000e+00  9.001253150624e+00  1.253150623706e-03  1.009074132216e-01  8.924121084833e+00  5.435631061702e-01  3.542762598615e-01  1.411626037797e-01  9.098862146529e-03  1.748933265610e-04  0.000000000000e+00  5.323158089975e-01
 1.500000000000e+00  9.001132011337e+00  1.132011337285e-03  1.021471983553e-01  8.740830468027e+00  4.827583634073e-01  4.139623567772e-01  2.642373088765e-01  4.089046471302e-02  1.287747344742e-03  0.000000000000e+00  7.764111685664e-01
 2.000000000000e+00  9.001152360275e+00  1.152360274755e-03  1.041875195232e-01  8.545950149918e+00  4.593281673927e-01  4.353318826864e-01  3.877504457847e-01  1.046623511914e-01  4.717847072453e-03  0.000000000000e+00  9.947216826901e-01
 2.500000000000e+00  9.001176076662e+00  1.176076662495e-03  1.063438192630e-01  8.350812083903e+00  4.499630875866e-01  4.425169463649e-01  5.118172594828e-01  2.014444516803e-01  1.203815176159e-02  0.000000000000e+00  1.199224828511e+00
 3.000000000000e+00  9.001200483567e+00  1.200483566674e-03  1.085500361809e-01  8.159903104055e+00  4.457884764568e-01  4.444609336727e-01  6.377567855084e-01  3.278837408029e-01  2.471081452478e-02  0.000000000000e+00  1.394308419489e+00
 3.500000000000e+00  9.001225211013e+00  1.225211013188e-03  1.107804500141e-01  7.974960305802e+00  4.435281495669e-01  4.444661192829e-01  7.657613602200e-01  4.789912011093e-01  4.394739050483e-02  0.000000000000e+00  1.581511544632e+00
 4.000000000000e+00  9.001250085613e+00  1.250085612676e-03  1.130215251022e-01  7.796673894517e+00  4.419753277390e-01  4.437529914232e-01  8.951816656311e-01  6.495964214681e-01  7.067475456535e-02  0.000000000000e+00  1.761350777744e+00
 4.500000000000e+00  9.001275000916e+00  1.275000916246e-03  1.152645004469e-01  7.625309072413e+00  4.406864952883e-01  4.427739332256e-01  1.025012256226e+00  8.349789141641e-01  1.055512305463e-01  0.000000000000e+00  1.934004432299e+00
 5.000000000000e+00  9.001299878396e+00  1.299878395723e-03  1.175026746130e-01  7.460937018749e+00  4.394996733143e-01  4.416977035541e-01  1.154199880952e+00  1.031079492177e+00  1.490018319688e-01  0.000000000000e+00  2.099563307938e+00
 5.500000000000e+00  9.001324652983e+00  1.324652983306e-03  1.197303871471e-01  7.303525600752e+00  4.383565732527e-01  4.405883164939e-01  1.281795898711e+00  1.234518700941e+00  2.012576313596e-01  0.000000000000e+00  2.258117825996e+00
 6.000000000000e+00  9.001349267574e+00  1.349267573563e-03  1.219426280342e-01  7.152979146758e+00  4.372370015828e-01  4.394710326865e-01  1.407014466143e+00  1.442535428358e+00  2.623927839352e-01  0.000000000000e+00  2.409783851660e+00
 6.500000000000e+00  9.001373670829e+00  1.373670829451e-03  1.241348783809e-01  7.009159053838e+00  4.361347497938e-01  4.383566308729e-01  1.529240831221e+00  1.652899615146e+00  3.323568083602e-01  0.000000000000e+00  2.554706196369e+00
 7.000000000000e+00  9.001397816190e+00  1.397816190312e-03  1.263030354756e-01  6.871896586078e+00  4.350486318842e-01  4.372504463270e-01  1.648016580126e+00  1.863823813405e+00  4.110016695712e-01  0.000000000000e+00  2.693054782038e+00
 7.500000000000e+00  9.001421661342e+00  1.421661341795e-03  1.284433705678e-01  6.741001833353e+00  4.339792176773e-01  4.361556802902e-01  1.763016306751e+00  2.073883528861e+00  4.981040134571e-01  0.000000000000e+00  2.825018948970e+00
 8.000000000000e+00  9.001445167870e+00  1.445167869946e-03  1.305525001251e-01  6.616270448854e+00  4.329276123864e-01  4.350746494956e-01  1.874023199340e+00  2.281949320954e+00  5.933832677610e-01  0.000000000000e+00  2.950801938760e+00
 8.500000000000e+00  9.001468301013e+00  1.468301012626e-03  1.326273647950e-01  6.497488769258e+00  4.318950496041e-01  4.340092144654e-01  1.980906867281e+00  2.487131108139e+00  6.965161283460e-01  0.000000000000e+00  3.070616181139e+00
 9.000000000000e+00  9.001491029447e+00  1.491029446760e-03  1.346652113226e-01  6.384437822602e+00  4.308827041670e-01  4.329609849406e-01  2.083604574382e+00  2.688732715585e+00  8.071482960696e-01  0.000000000000e+00  3.184679473232e+00
 9.500000000000e+00  9.001513325137e+00  1.513325136790e-03  1.366635789494e-01  6.276896408198e+00  4.298916480545e-01  4.319313777364e-01  2.182105934072e+00  2.886215238045e+00  9.249038814751e-01  0.000000000000e+00  3.293211943748e+00
 1.000000000000e+01  9.001535163170e+00  1.535163170102e-03  1.386202859352e-01  6.174643467129e+00  4.289228320667e-01  4.309216487050e-01  2.276440637773e+00  3.079167619253e+00  1.049392939109e+00  0.000000000000e+00  3.396433700805e+00
 1.050000000000e+01  9.001556521654e+00  1.556521653831e-03  1.405334189462e-01  6.077459902300e+00  4.279770819734e-01  4.299329073036e-01  2.366668788868e+00  3.267282923845e+00  1.180217524441e+00  0.000000000000e+00  3.494563015728e+00
 1.100000000000e+01  9.001577381565e+00  1.577381564501e-03  1.424013221183e-01  5.985129959842e+00  4.270551011734e-01  4.289661250208e-01  2.452873293000e+00  3.450339197299e+00  1.316976538299e+00  0.000000000000e+00  3.587814938985e+00
 1.150000000000e+01  9.001597726672e+00  1.597726671554e-03  1.442225865969e-01  5.897442271270e+00  4.261574742071e-01  4.280221424015e-01  2.535153891342e+00  3.628183949830e+00  1.459269604601e+00  0.000000000000e+00  3.676400254523e+00
 1.200000000000e+01  9.001617543379e+00  1.617543378943e-03  1.459960415002e-01  5.814190628234e+00  4.252846702412e-01  4.271016747567e-01  2.613622490246e+00  3.800721533746e+00  1.606700158649e+00  0.000000000000e+00  3.760524701525e+00
 1.250000000000e+01  9.001636820673e+00  1.636820672988e-03  1.477207417588e-01  5.735174543779e+00  4.244370505081e-01  4.262053169372e-01  2.688399496635e+00  3.967902838819e+00  1.758877892645e+00  0.000000000000e+00  3.840388405714e+00
 1.300000000000e+01  9.001655549910e+00  1.655549909619e-03  1.493959584173e-01  5.660199651008e+00  4.236148717638e-01  4.253335497864e-01  2.759610939976e+00  4.129716830322e+00  1.915420681820e+00  0.000000000000e+00  3.916185477229e+00
 1.350000000000e+01  9.001673724795e+00  1.673724795153e-03  1.510211682103e-01  5.589077975281e+00  4.228182920883e-01  4.244867447834e-01  2.827386201641e+00  4.286183525571e+00  2.075956098101e+00  0.000000000000e+00  3.988103732631e+00
 1.400000000000e+01  9.001691341206e+00  1.691341206363e-03  1.525960412990e-01  5.521628097670e+00  4.220473777860e-01  4.236651695857e-01  2.891856260799e+00  4.437348221144e+00  2.240122559800e+00  0.000000000000e+00  4.056324524545e+00
 1.450000000000e+01  9.001708397084e+00  1.708397083868e-03  1.541204319912e-01  5.457675229450e+00  4.213021071753e-01  4.228689936267e-01  2.953152326164e+00  4.583276827739e+00  2.407570156500e+00  0.000000000000e+00  4.121022663375e+00
 1.500000000000e+01  9.001724892280e+00  1.724892279577e-03  1.555943627165e-01  5.397051231765e+00  4.205823805634e-01  4.220982943176e-01  3.011404720791e+00  4.724051822342e+00  2.577961293270e+00  0.000000000000e+00  4.182366387673e+00
 1.550000000000e+01  9.001740828429e+00  1.740828428980e-03  1.570180154541e-01  5.339594589516e+00  4.198880227928e-01  4.213530632012e-01  3.066742040940e+00  4.859768878723e+00  2.750971134568e+00  0.000000000000e+00  4.240517387692e+00
 1.600000000000e+01  9.001756208844e+00  1.756208843755e-03  1.583917193740e-01  5.285150333738e+00  4.192187902181e-01  4.206332114412e-01  3.119290525873e+00  4.990534134864e+00  2.926287857847e+00  0.000000000000e+00  4.295630876045e+00
 1.650000000000e+01  9.001771038344e+00  1.771038343641e-03  1.597159365981e-01  5.233569934189e+00  4.185743788421e-01  4.199385760932e-01  3.169173553629e+00  5.116461872080e+00  3.103612786628e+00  0.000000000000e+00  4.347855686969e+00
 1.700000000000e+01  9.001785323135e+00  1.785323134534e-03  1.609912525874e-01  5.184711174063e+00  4.179544276664e-01  4.192689264887e-01  3.216511261748e+00  5.237672539301e+00  3.282660425251e+00  0.000000000000e+00  4.397334398272e+00
 1.750000000000e+01  9.001799070694e+00  1.799070693848e-03  1.622183633949e-01  5.138437999797e+00  4.173585258926e-01  4.186239698957e-01  3.261420282667e+00  5.354291125856e+00  3.463158393973e+00  0.000000000000e+00  4.444203474311e+00
 1.800000000000e+01  9.001812289610e+00  1.812289610043e-03  1.633980630257e-01  5.094620356988e+00  4.167862196009e-01  4.180033576404e-01  3.304013551195e+00  5.466445790577e+00  3.644847292496e+00  0.000000000000e+00  4.488593423412e+00
 1.850000000000e+01  9.001824989476e+00  1.824989476251e-03  1.645312341869e-01  5.053134019614e+00  4.162370151210e-01  4.174066910929e-01  3.344400172143e+00  5.574266698974e+00  3.827480508566e+00  0.000000000000e+00  4.530628965266e+00
 1.900000000000e+01  9.001837180775e+00  1.837180774854e-03  1.656188360464e-01  5.013860407553e+00  4.157103860003e-01  4.168335270554e-01  3.382685346877e+00  5.677885060280e+00  4.010823975780e+00  0.000000000000e+00  4.570429206448e+00
 1.950000000000e+01  9.001848874735e+00  1.848874734608e-03  1.666618934848e-01  4.976686400369e+00  4.152057781923e-01  4.162833834654e-01  3.418970340910e+00  5.777432317545e+00  4.194655894594e+00  0.000000000000e+00  4.608107821439e+00
 2.000000000000e+01  9.001860083242e+00  1.860083241884e-03  1.676614887966e-01  4.941504150111e+00  4.147226132103e-01  4.157557446283e-01  3.453352484624e+00  5.873039474632e+00  4.378766422914e+00  0.000000000000e+00  4.643773236679e+00
 2.050000000000e+01  9.001870818737e+00  1.870818737455e-03  1.686187511468e-01  4.908210890102e+00  4.142602939493e-01  4.152500660434e-01  3.485925198982e+00  5.964836531260e+00  4.562957345097e+00  0.000000000000e+00  4.677528815949e+00
 2.100000000000e+01  9.001881094094e+00  1.881094093813e-03  1.695348469385e-01  4.876708744249e+00  4.138182094409e-01  4.147657794038e-01  3.516778040033e+00  6.052951999452e+00  4.747041726815e+00  0.000000000000e+00  4.709473046311e+00
 2.150000000000e+01  9.001890922537e+00  1.890922536510e-03  1.704109734374e-01  4.846904540077e+00  4.133957369016e-01  4.143022970016e-01  3.545996787911e+00  6.137512521447e+00  4.930843552335e+00  0.000000000000e+00  4.739699723022e+00
 2.200000000000e+01  9.001900317563e+00  1.900317563329e-03  1.712483501404e-01  4.818709620460e+00  4.129922464215e-01  4.138590157518e-01  3.573663483141e+00  6.218642571197e+00  5.114197352366e+00  0.000000000000e+00  4.768298133119e+00
 2.250000000000e+01  9.001909292856e+00  1.909292855792e-03  1.720482113622e-01  4.792039659840e+00  4.126071045535e-01  4.134353211056e-01  3.599856579116e+00  6.296464208724e+00  5.296947828145e+00  0.000000000000e+00  4.795353235607e+00
 2.300000000000e+01  9.001917862204e+00  1.917862203505e-03  1.728117998509e-01  4.766814483522e+00  4.122396770848e-01  4.130305907378e-01  3.624650991232e+00  6.371096871717e+00  5.478949476195e+00  0.000000000000e+00  4.820945839394e+00
 2.350000000000e+01  9.001926039440e+00  1.926039440008e-03  1.735403616497e-01  4.742957892851e+00  4.118893309396e-01  4.126441978477e-01  3.648118207156e+00  6.442657211885e+00  5.660066215242e+00  0.000000000000e+00  4.845152776210e+00
 2.400000000000e+01  9.001933838393e+00  1.933838392627e-03  1.742351408060e-01  4.720397493622e+00  4.115554366959e-01  4.122755139825e-01  3.670326458962e+00  6.511258960227e+00  5.840171014077e+00  0.000000000000e+00  4.868047069683e+00
 2.450000000000e+01  9.001941272812e+00  1.941272812316e-03  1.748973726072e-01  4.699064526713e+00  4.112373726483e-01  4.119239118093e-01  3.691340733991e+00  6.577012843505e+00  6.019145520229e+00  0.000000000000e+00  4.889698100640e+00
 2.500000000000e+01  9.001948356318e+00  1.948356317835e-03  1.755282803804e-01  4.678893706725e+00  4.109345253603e-01  4.115887678185e-01  3.711222972878e+00  6.640026525514e+00  6.196879694928e+00  0.000000000000e+00  4.910171767916e+00
 2.550000000000e+01  9.001955102374e+00  1.955102373607e-03  1.761290732881e-01  4.659823065274e+00  4.106462899008e-01  4.112694643146e-01  3.730032096857e+00  6.700404578311e+00  6.373271455669e+00  0.000000000000e+00  4.929530644826e+00
 2.600000000000e+01  9.001961524256e+00  1.961524256088e-03  1.767009422042e-01  4.641793798891e+00  4.103720723846e-01  4.109653910322e-01  3.747824249325e+00  6.758248455126e+00  6.548226326725e+00  0.000000000000e+00  4.947834128725e+00
 2.650000000000e+01  9.001967635001e+00  1.967635000924e-03  1.772450551115e-01  4.624750119762e+00  4.101112927522e-01  4.106759470124e-01  3.764652769370e+00  6.813656493037e+00  6.721657097733e+00  0.000000000000e+00  4.965138587487e+00
 2.700000000000e+01  9.001973447364e+00  1.973447363889e-03  1.777625544419e-01  4.608639114599e+00  4.098633856828e-01  4.104005423885e-01  3.780568414384e+00  6.866723912666e+00  6.893483489950e+00  0.000000000000e+00  4.981497499719e+00
 2.750000000000e+01  9.001978973809e+00  1.978973808842e-03  1.782545574050e-01  4.593410611825e+00  4.096277988579e-01  4.101385998053e-01  3.795619486527e+00  6.917542838449e+00  7.063631832457e+00  0.000000000000e+00  4.996961589318e+00
 2.800000000000e+01  9.001984226529e+00  1.984226528845e-03  1.787221563130e-01  4.579017050052e+00  4.094039923212e-01  4.098895547140e-01  3.809851665131e+00  6.966202353072e+00  7.232034746619e+00  0.000000000000e+00  5.011578957627e+00
 2.850000000000e+01  9.001989217387e+00  1.989217387146e-03  1.791664105951e-01  4.565413344693e+00  4.091914456740e-01  4.096528562209e-01  3.823308506809e+00  7.012788548665e+00  7.398630841683e+00  0.000000000000e+00  5.025395209634e+00
 2.900000000000e+01  9.001993957881e+00  1.993957880546e-03  1.795883488164e-01  4.552556772776e+00  4.089896546521e-01  4.094279685279e-01  3.836031388606e+00  7.057384550410e+00  7.563364420076e+00  0.000000000000e+00  5.038453572573e+00
 2.950000000000e+01  9.001998459165e+00  1.998459164637e-03  1.799889693374e-01  4.540406858142e+00  4.087981298366e-01  4.092143715384e-01  3.848059474310e+00  7.100070574485e+00  7.726185192028e+00  0.000000000000e+00  5.050795012022e+00
 3.000000000000e+01  9.002002732067e+00  2.002732066536e-03  1.803692401837e-01  4.528925262223e+00  4.086163969333e-01  4.090115606935e-01  3.859430045889e+00  7.140923975092e+00  7.887047999713e+00  0.000000000000e+00  5.062458340844e+00
 3.050000000000e+01  9.002006787056e+00  2.006787055665e-03  1.807300958225e-01  4.518075672320e+00  4.084439997021e-01  4.088190472967e-01  3.870178338702e+00  7.180019330191e+00  8.045912550556e+00  0.000000000000e+00  5.073480327978e+00
 3.100000000000e+01  9.002010634220e+00  2.010634219735e-03  1.810724362941e-01  4.507823697379e+00  4.082805004707e-01  4.086363588925e-01  3.880337718288e+00  7.217428529575e+00  8.202743162059e+00  0.000000000000e+00  5.083895802151e+00
 3.150000000000e+01  9.002014283269e+00  2.014283269215e-03  1.813971302837e-01  4.498136774514e+00  4.081254764204e-01  4.084630399037e-01  3.889939997775e+00  7.253220839502e+00  8.357508517367e+00  0.000000000000e+00  5.093737749066e+00
 3.200000000000e+01  9.002017743589e+00  2.017743589287e-03  1.817050161191e-01  4.488984081362e+00  4.079785190576e-01  4.082986511110e-01  3.899015339591e+00  7.287462927562e+00  8.510181428818e+00  0.000000000000e+00  5.103037399581e+00
 3.250000000000e+01  9.002021024215e+00  2.021024214619e-03  1.819968987885e-01  4.480336443940e+00  4.078392377059e-01  4.081427691680e-01  3.907592193653e+00  7.320218937350e+00  8.660738609651e+00  0.000000000000e+00  5.111824318354e+00
 3.300000000000e+01  9.002024133804e+00  2.024133803550e-03  1.822735507196e-01  4.472166249801e+00  4.077072584689e-01  4.079949868850e-01  3.915697537361e+00  7.351550589082e+00  8.809160455064e+00  0.000000000000e+00  5.120126491731e+00
 3.350000000000e+01  9.002027080658e+00  2.027080657902e-03  1.825357129893e-01  4.464447366834e+00  4.075822228326e-01  4.078549133973e-01  3.923356932476e+00  7.381517265937e+00  8.955430833400e+00  0.000000000000e+00  5.127970410334e+00
 3.400000000000e+01  9.002029872754e+00  2.029872754450e-03  1.827840976742e-01  4.457155069217e+00  4.074637858341e-01  4.077221736143e-01  3.930594624388e+00  7.410176078244e+00  9.099536887017e+00  0.000000000000e+00  5.135381144950e+00
 3.450000000000e+01  9.002032517752e+00  2.032517752047e-03  1.830193876828e-01  4.450265964532e+00  4.073516167970e-01  4.075964076453e-01  3.937433596636e+00  7.437581920918e+00  9.241468839881e+00  0.000000000000e+00  5.142382418672e+00
 3.500000000000e+01  9.002035022978e+00  2.035022978245e-03  1.832422351542e-01  4.443757924475e+00  4.072454013854e-01  4.074772703591e-01  3.943895592289e+00  7.463787524552e+00  9.381219815138e+00  0.000000000000e+00  5.148996674141e+00
 3.550000000000e+01  9.002037395402e+00  2.037395401909e-03  1.834532609391e-01  4.437610016069e+00  4.071448416471e-01  4.073644318890e-01  3.950001166912e+00  7.488843538010e+00  9.518785657886e+00  0.000000000000e+00  5.155245142284e+00
 3.600000000000e+01  9.002039641690e+00  2.039641690129e-03  1.836530609015e-01  4.431802441995e+00  4.070496499192e-01  4.072575773662e-01  3.955769765973e+00  7.512798618458e+00  9.654164766827e+00  0.000000000000e+00  5.161147908086e+00
 3.650000000000e+01  9.002041768268e+00  2.041768268191e-03  1.838422085949e-01  4.426316482412e+00  4.069595479245e-01  4.071564050894e-01  3.961219815019e+00  7.535699501752e+00  9.787357934648e+00  0.000000000000e+00  5.166723969664e+00
 3.700000000000e+01  9.002043781271e+00  2.043781270887e-03  1.840212486871e-01  4.421134431673e+00  4.068742739514e-01  4.070606259677e-01  3.966368748346e+00  7.557591062413e+00  9.918368195847e+00  0.000000000000e+00  5.171991294376e+00
 3.750000000000e+01  9.002045686481e+00  2.045686480997e-03  1.841906945697e-01  4.416239542461e+00  4.067935839571e-01  4.069699648692e-01  3.971233093375e+00  7.578516365912e+00  1.004720068105e+01  0.000000000000e+00  5.176966873582e+00
 3.800000000000e+01  9.002047489391e+00  2.047489391252e-03  1.843510371002e-01  4.411615981989e+00  4.067172427773e-01  4.068841606084e-01  3.975828448083e+00  7.598516734056e+00  1.017386247773e+01  0.000000000000e+00  5.181666775234e+00
 3.850000000000e+01  9.002049195291e+00  2.049195291404e-03  1.845027509671e-01  4.407248788557e+00  4.066450194369e-01  4.068029641817e-01  3.980169583270e+00  7.617631805951e+00  1.029836249629e+01  0.000000000000e+00  5.186106192007e+00
 3.900000000000e+01  9.002050809329e+00  2.050809328940e-03  1.846462941790e-01  4.403123823408e+00  4.065766904711e-01  4.067261358980e-01  3.984270477421e+00  7.635899610757e+00  1.042071134457e+01  0.000000000000e+00  5.190299486122e+00
 3.950000000000e+01  9.002052336314e+00  2.052336314337e-03  1.847820882744e-01  4.399227705460e+00  4.065120587539e-01  4.066534465344e-01  3.988144248400e+00  7.653356640204e+00  1.054092120778e+01  0.000000000000e+00  5.194260235787e+00
 4.000000000000e+01  9.002053780635e+00  2.053780634621e-03  1.849105235277e-01  4.395547776232e+00  4.064509437286e-01  4.065846819861e-01  3.991803524125e+00  7.670037881033e+00  1.065900573474e+01  0.000000000000e+00  5.198001280040e+00
 4.050000000000e+01  9.002055146619e+00  2.055146619070e-03  1.850319971352e-01  4.392072098186e+00  4.063931467783e-01  4.065196393444e-01  3.995260099116e+00  7.685976859173e+00  1.077497992876e+01  0.000000000000e+00  5.201534755036e+00
 4.100000000000e+01  9.002056438553e+00  2.056438552668e-03  1.851468864523e-01  4.388789387445e+00  4.063384830122e-01  4.064581218599e-01  3.998525073778e+00  7.701205719619e+00  1.088886004392e+01  0.000000000000e+00  5.204872129544e+00
 4.150000000000e+01  9.002057660348e+00  2.057660348291e-03  1.852555304002e-01  4.385688958796e+00  4.062867970623e-01  4.063999420663e-01  4.001609012814e+00  7.715755286545e+00  1.100066348721e+01  0.000000000000e+00  5.208024244143e+00
 4.200000000000e+01  9.002058815594e+00  2.058815594160e-03  1.853582495568e-01  4.382760712067e+00  4.062379406355e-01  4.063449240906e-01  4.004521928169e+00  7.729655107096e+00  1.111040872568e+01  0.000000000000e+00  5.211001347298e+00
 4.250000000000e+01  9.002059907747e+00  2.059907747112e-03  1.854553647938e-01  4.379995119456e+00  4.061917545906e-01  4.062929027454e-01  4.007273292953e+00  7.742933488096e+00  1.121811519843e+01  0.000000000000e+00  5.213813125954e+00
 4.300000000000e+01  9.002060940420e+00  2.060940419832e-03  1.855471982922e-01  4.377383196673e+00  4.061480738351e-01  4.062437173299e-01  4.009872018926e+00  7.755617533727e+00  1.132380323299e+01  0.000000000000e+00  5.216468729493e+00
 4.350000000000e+01  9.002061916879e+00  2.061916878667e-03  1.856340200898e-01  4.374916419184e+00  4.061067806258e-01  4.061972122828e-01  4.012326529050e+00  7.767733208403e+00  1.142749396498e+01  0.000000000000e+00  5.218976800191e+00
 4.400000000000e+01  9.002062839886e+00  2.062839886167e-03  1.857160833582e-01  4.372586728493e+00  4.060677615089e-01  4.061532451237e-01  4.014644769318e+00  7.779305394997e+00  1.152920926305e+01  0.000000000000e+00  5.221345509999e+00
 4.450000000000e+01  9.002063712230e+00  2.063712230081e-03  1.857936486512e-01  4.370386529633e+00  4.060308852545e-01  4.061116837412e-01  4.016834289895e+00  7.790357932434e+00  1.162897165839e+01  0.000000000000e+00  5.223582585113e+00
 4.500000000000e+01  9.002064536765e+00  2.064536765336e-03  1.858669651752e-01  4.368308647961e+00  4.059960276987e-01  4.060724002379e-01  4.018902224805e+00  7.800913647217e+00  1.172680427783e+01  0.000000000000e+00  5.225695324341e+00
 4.550000000000e+01  9.002065316155e+00  2.065316155388e-03  1.859362637123e-01  4.366346299551e+00  4.059630796149e-01  4.060352703945e-01  4.020855305605e+00  7.810994390762e+00  1.182273078036e+01  0.000000000000e+00  5.227690620835e+00
 4.600000000000e+01  9.002066052818e+00  2.066052818051e-03  1.860017574800e-01  4.364493070306e+00  4.059319440817e-01  4.060001754972e-01  4.022699884512e+00  7.820621080218e+00  1.191677529645e+01  0.000000000000e+00  5.229574985613e+00
 4.650000000000e+01  9.002066748931e+00  2.066748930745e-03  1.860636485850e-01  4.362742901476e+00  4.059025264513e-01  4.059670059100e-01  4.024441967423e+00  7.829813742779e+00  1.200896237138e+01  0.000000000000e+00  5.231354572073e+00
 4.700000000000e+01  9.002067406728e+00  2.067406728215e-03  1.861221363479e-01  4.361090076850e+00  4.058747269893e-01  4.059356598117e-01  4.026087240264e+00  7.838591553078e+00  1.209931691198e+01  0.000000000000e+00  5.233035196161e+00
 4.750000000000e+01  9.002068028380e+00  2.068028380121e-03  1.861774074372e-01  4.359529193436e+00  4.058484555419e-01  4.059060385178e-01  4.027641071008e+00  7.846972862660e+00  1.218786413641e+01  0.000000000000e+00  5.234622351023e+00
 4.800000000000e+01  9.002068615830e+00  2.068615829687e-03  1.862296349471e-01  4.358055143256e+00  4.058236319764e-01  4.058780471238e-01  4.029108527013e+00  7.854975233101e+00  1.227462952678e+01  0.000000000000e+00  5.236121224768e+00
 4.850000000000e+01  9.002069170892e+00  2.069170892233e-03  1.862789834497e-01  4.356663102102e+00  4.058001790804e-01  4.058515964547e-01  4.030494397248e+00  7.862615469875e+00  1.235963878445e+01  0.000000000000e+00  5.237536718818e+00
 4.900000000000e+01  9.002069695331e+00  2.069695331123e-03  1.863256103036e-01  4.355348514801e+00  4.057780212326e-01  4.058266030097e-01  4.031803208142e+00  7.869909654015e+00  1.244291778792e+01  0.000000000000e+00  5.238873463968e+00
 4.950000000000e+01  9.002070190838e+00  2.070190838065e-03  1.863696648263e-01  4.354107078898e+00  4.057570862962e-01  4.058029879165e-01  4.033039236485e+00  7.876873171912e+00  1.252449255355e+01  0.000000000000e+00  5.240135834807e+00
 5.000000000000e+01  9.002070659018e+00  2.070659017569e-03  1.864112880580e-01  4.352934729723e+00  4.057373066369e-01  4.057806761645e-01  4.034206522430e+00  7.883520744111e+00  1.260438919822e+01  0.000000000000e+00  5.241327963640e+00
 5.050000000000e+01  9.002071101355e+00  2.071101354974e-03  1.864506126008e-01  4.351827627415e+00  4.057186196105e-01  4.057595963108e-01  4.035308881222e+00  7.889866451516e+00  1.268263390650e+01  0.000000000000e+00  5.242453752975e+00
 5.100000000000e+01  9.002071519235e+00  2.071519234736e-03  1.864877635153e-01  4.350782144017e+00  4.057009666418e-01  4.057396804852e-01  4.036349917026e+00  7.895923763619e+00  1.275925289508e+01  0.000000000000e+00  5.243516889342e+00
 5.150000000000e+01  9.002071914017e+00  2.071914017483e-03  1.865228606892e-01  4.349794855895e+00  4.056842898219e-01  4.057208653484e-01  4.037333035264e+00  7.901705562247e+00  1.283427238755e+01  0.000000000000e+00  5.244520854284e+00
 5.200000000000e+01  9.002072286940e+00  2.072286939709e-03  1.865560156597e-01  4.348862523750e+00  4.056685375944e-01  4.057030896833e-01  4.038261453390e+00  7.907224171630e+00  1.290771857244e+01  0.000000000000e+00  5.245468938657e+00
 5.250000000000e+01  9.002072639238e+00  2.072639238018e-03  1.865873364045e-01  4.347982095306e+00  4.056536568791e-01  4.056862973555e-01  4.039138210276e+00  7.912491372421e+00  1.297961759930e+01  0.000000000000e+00  5.246364247816e+00
 5.300000000000e+01  9.002072972031e+00  2.072972031278e-03  1.866169230359e-01  4.347150679666e+00  4.056396009934e-01  4.056704338165e-01  4.039966178843e+00  7.917518437434e+00  1.304999552444e+01  0.000000000000e+00  5.247209719341e+00
 5.350000000000e+01  9.002073286403e+00  2.073286403358e-03  1.866448715508e-01  4.346365553507e+00  4.056263234410e-01  4.056554484819e-01  4.040748069109e+00  7.922316137924e+00  1.311887832139e+01  0.000000000000e+00  5.248008123052e+00
 5.400000000000e+01  9.002073583367e+00  2.073583367242e-03  1.866712721256e-01  4.345624139987e+00  4.056137813219e-01  4.056412930624e-01  4.041486443942e+00  7.926894778426e+00  1.318629183046e+01  0.000000000000e+00  5.248762078692e+00
 5.450000000000e+01  9.002073863878e+00  2.073863878358e-03  1.866962098270e-01  4.344924008410e+00  4.056019343225e-01  4.056279218492e-01  4.042183721076e+00  7.931264205529e+00  1.325226176141e+01  0.000000000000e+00  5.249474057268e+00
 5.500000000000e+01  9.002074128841e+00  2.074128840520e-03  1.867197652093e-01  4.344262861446e+00  4.055907441991e-01  4.056152916282e-01  4.042842185765e+00  7.935433835345e+00  1.331681365921e+01  0.000000000000e+00  5.250146394355e+00
 5.550000000000e+01  9.002074379111e+00  2.074379111370e-03  1.867420144474e-01  4.343638530195e+00  4.055801748407e-01  4.056033614776e-01  4.043463995819e+00  7.939412667600e+00  1.337997289524e+01  0.000000000000e+00  5.250781294965e+00
 5.600000000000e+01  9.002074615500e+00  2.074615499984e-03  1.867630295664e-01  4.343048968765e+00  4.055701919166e-01  4.055920928940e-01  4.044051186960e+00  7.943209300612e+00  1.344176465646e+01  0.000000000000e+00  5.251380839320e+00
 5.650000000000e+01  9.002074838774e+00  2.074838774339e-03  1.867828787555e-01  4.342492242085e+00  4.055607630090e-01  4.055814493382e-01  4.044605684784e+00  7.946831957758e+00  1.350221391397e+01  0.000000000000e+00  5.251946994907e+00
 5.700000000000e+01  9.002075049663e+00  2.075049662790e-03  1.868016265697e-01  4.341966518433e+00  4.055518575518e-01  4.055713960928e-01  4.045129312080e+00  7.950288505807e+00  1.356134540626e+01  0.000000000000e+00  5.252481624016e+00
 5.750000000000e+01  9.002075248842e+00  2.075248841678e-03  1.868193335183e-01  4.341470083525e+00  4.055434465510e-01  4.055619009660e-01  4.045623774979e+00  7.953586435212e+00  1.361918368993e+01  0.000000000000e+00  5.252986469924e+00
 5.800000000000e+01  9.002075436964e+00  2.075436964160e-03  1.868360574328e-01  4.341001297607e+00  4.055355026784e-01  4.055529328016e-01  4.046090705355e+00  7.956732941265e+00  1.367575301129e+01  0.000000000000e+00  5.253463199716e+00
 5.850000000000e+01  9.002075614644e+00  2.075614643588e-03  1.868518528041e-01  4.340558617290e+00  4.055280000808e-01  4.055444623486e-01  4.046531639306e+00  7.959734890226e+00  1.373107738175e+01  0.000000000000e+00  5.253913382630e+00
 5.900000000000e+01  9.002075782452e+00  2.075782452087e-03  1.868667707093e-01  4.340140601819e+00  4.055209142852e-01  4.055364624305e-01  4.046948011178e+00  7.962598812697e+00  1.378518060424e+01  0.000000000000e+00  5.254338483897e+00
 5.950000000000e+01  9.002075940941e+00  2.075940940548e-03  1.868808600697e-01  4.339745864791e+00  4.055142221723e-01  4.055289066945e-01  4.047341200811e+00  7.965330995716e+00  1.383808612769e+01  0.000000000000e+00  5.254739913037e+00
 6.000000000000e+01  9.002076090625e+00  2.076090624688e-03  1.868941667360e-01  4.339373111383e+00  4.055079019312e-01  4.055217705851e-01  4.047712497174e+00  7.967937419079e+00  1.388981717146e+01  0.000000000000e+00  5.255118986686e+00
 6.050000000000e+01  9.002076231991e+00  2.076231990677e-03  1.869067339059e-01  4.339021123707e+00  4.055019329726e-01  4.055150310079e-01  4.048063112750e+00  7.970423786759e+00  1.394039668576e+01  0.000000000000e+00  5.255476943322e+00
 6.100000000000e+01  9.002076365502e+00  2.076365502218e-03  1.869186028026e-01  4.338688736990e+00  4.054962957321e-01  4.055086658402e-01  4.048394207006e+00  7.972795576376e+00  1.398984728271e+01  0.000000000000e+00  5.255814967279e+00
 6.150000000000e+01  9.002076491593e+00  2.076491592746e-03  1.869298119746e-01  4.338374865339e+00  4.054909718826e-01  4.055026544271e-01  4.048706861160e+00  7.975057991968e+00  1.403819132558e+01  0.000000000000e+00  5.256134162780e+00
 6.200000000000e+01  9.002076610674e+00  2.076610674089e-03  1.869403980253e-01  4.338078477568e+00  4.054859440234e-01  4.054969771542e-01  4.049002101924e+00  7.977216016994e+00  1.408545085828e+01  0.000000000000e+00  5.256435578409e+00
 6.250000000000e+01  9.002076723137e+00  2.076723136503e-03  1.869503956310e-01  4.337798597160e+00  4.054811956714e-01  4.054916154382e-01  4.049280901604e+00  7.979274417593e+00  1.413164761219e+01  0.000000000000e+00  5.256720207170e+00
 6.300000000000e+01  9.002076829344e+00  2.076829344477e-03  1.869598372225e-01  4.337534310480e+00  4.054767114342e-01  4.054865518758e-01  4.049544169886e+00  7.981237726040e+00  1.417680303964e+01  0.000000000000e+00  5.256988978087e+00
 6.350000000000e+01  9.002076929646e+00  2.076929646378e-03  1.869687537656e-01  4.337284746203e+00  4.054724766042e-01  4.054817698609e-01  4.049792774402e+00  7.983110291231e+00  1.422093825471e+01  0.000000000000e+00  5.257242777193e+00
 6.400000000000e+01  9.002077024370e+00  2.077024370242e-03  1.869771744290e-01  4.337049083582e+00  4.054684773317e-01  4.054772537461e-01  4.050027532426e+00  7.984896261392e+00  1.426407406669e+01  0.000000000000e+00  5.257482439087e+00
 6.450000000000e+01  9.002077113824e+00  2.077113824166e-03  1.869851265954e-01  4.336826552735e+00  4.054647005929e-01  4.054729888646e-01  4.050249210606e+00  7.986599585926e+00  1.430623098751e+01  0.000000000000e+00  5.257708746673e+00
 6.500000000000e+01  9.002077198302e+00  2.077198302075e-03  1.869926364059e-01  4.336616418170e+00  4.054611339785e-01  4.054689611906e-01  4.050458541324e+00  7.988224055743e+00  1.434742918676e+01  0.000000000000e+00  5.257922447852e+00
 6.550000000000e+01  9.002077278080e+00  2.077278080139e-03  1.869997284125e-01  4.336417989951e+00  4.054577658213e-01  4.054651575631e-01  4.050656211656e+00  7.989773280176e+00  1.438768853327e+01  0.000000000000e+00  5.258124244228e+00
 6.600000000000e+01  9.002077353419e+00  2.077353418664e-03  1.870064257506e-01  4.336230618604e+00  4.054545851215e-01  4.054615655863e-01  4.050842868425e+00  7.991250701103e+00  1.442702858588e+01  0.000000000000e+00  5.258314796275e+00
 6.650000000000e+01  9.002077424566e+00  2.077424565902e-03  1.870127504895e-01  4.336053684011e+00  4.054515813838e-01  4.054581734379e-01  4.051019129177e+00  7.992659620529e+00  1.446546856549e+01  0.000000000000e+00  5.258494734606e+00
 6.700000000000e+01  9.002077491754e+00  2.077491753663e-03  1.870187232394e-01  4.335886607565e+00  4.054487448256e-01  4.054549700585e-01  4.051185570166e+00  7.994003174715e+00  1.450302739928e+01  0.000000000000e+00  5.258664647610e+00
 6.750000000000e+01  9.002077555202e+00  2.077555202144e-03  1.870243635745e-01  4.335728839891e+00  4.054460661489e-01  4.054519449516e-01  4.051342738544e+00  7.995284365418e+00  1.453972368937e+01  0.000000000000e+00  5.258825093961e+00
 6.800000000000e+01  9.002077615120e+00  2.077615120271e-03  1.870296900651e-01  4.335579859913e+00  4.054435365297e-01  4.054490881620e-01  4.051491153282e+00  7.996506064211e+00  1.457557571646e+01  0.000000000000e+00  5.258976603558e+00
 6.850000000000e+01  9.002077671703e+00  2.077671702739e-03  1.870347200242e-01  4.335439181815e+00  4.054411477466e-01  4.054463904035e-01  4.051631298237e+00  7.997670996185e+00  1.461060146707e+01  0.000000000000e+00  5.259119670439e+00
 6.900000000000e+01  9.002077725136e+00  2.077725135817e-03  1.870394700110e-01  4.335306341081e+00  4.054388919392e-01  4.054438427910e-01  4.051763636065e+00  7.998781778319e+00  1.464481859823e+01  0.000000000000e+00  5.259254766981e+00
 6.950000000000e+01  9.002077775595e+00  2.077775594810e-03  1.870439556119e-01  4.335180900550e+00  4.054367617086e-01  4.054414369617e-01  4.051888602179e+00  7.999840904766e+00  1.467824446162e+01  0.000000000000e+00  5.259382337742e+00
 7.000000000000e+01  9.002077823244e+00  2.077823244261e-03  1.870481914520e-01  4.335062450374e+00  4.054347500976e-01  4.054391650832e-01  4.052006604806e+00  8.000850747822e+00  1.471089610916e+01  0.000000000000e+00  5.259502799529e+00
 7.050000000000e+01  9.002077868241e+00  2.077868241090e-03  1.870521914840e-01  4.334950599302e+00  4.054328504817e-01  4.054370196702e-01  4.052118033640e+00  8.001813583978e+00  1.474279027447e+01  0.000000000000e+00  5.259616550217e+00
 7.100000000000e+01  9.002077910733e+00  2.077910732764e-03  1.870559688173e-01  4.334844979938e+00  4.054310566332e-01  4.054349936938e-01  4.052223254627e+00  8.002731580121e+00  1.477394339344e+01  0.000000000000e+00  5.259723963429e+00
 7.150000000000e+01  9.002077950858e+00  2.077950858171e-03  1.870595357968e-01  4.334745246432e+00  4.054293626874e-01  4.054330805347e-01  4.052322612262e+00  8.003606801320e+00  1.480437160366e+01  0.000000000000e+00  5.259825390881e+00
 7.200000000000e+01  9.002077988750e+00  2.077988749726e-03  1.870629041930e-01  4.334651068981e+00  4.054277630485e-01  4.054312738859e-01  4.052416435050e+00  8.004441227590e+00  1.483409073527e+01  0.000000000000e+00  5.259921167971e+00
 7.250000000000e+01  9.002078024531e+00  2.078024531202e-03  1.870660850101e-01  4.334562139309e+00  4.054262524929e-01  4.054295678428e-01  4.052505030062e+00  8.005236739647e+00  1.486311633136e+01  0.000000000000e+00  5.260011608199e+00
 7.300000000000e+01  9.002078058320e+00  2.078058320010e-03  1.870690886860e-01  4.334478165029e+00  4.054248260648e-01  4.054279568063e-01  4.052588688546e+00  8.005995136027e+00  1.489146363872e+01  0.000000000000e+00  5.260097008907e+00
 7.350000000000e+01  9.002078090228e+00  2.078090227645e-03  1.870719251317e-01  4.334398868520e+00  4.054234790576e-01  4.054264354601e-01  4.052667687037e+00  8.006718137467e+00  1.491914761063e+01  0.000000000000e+00  5.260177652423e+00
 7.400000000000e+01  9.002078120358e+00  2.078120357956e-03  1.870746035799e-01  4.334323991331e+00  4.054222070841e-01  4.054249988551e-01  4.052742282988e+00  8.007407375168e+00  1.494618292317e+01  0.000000000000e+00  5.260253801586e+00
 7.450000000000e+01  9.002078148810e+00  2.078148810351e-03  1.870771328685e-01  4.334253285952e+00  4.054210059497e-01  4.054236422485e-01  4.052812722949e+00  8.008064416059e+00  1.497258396066e+01  0.000000000000e+00  5.260325708099e+00
 7.500000000000e+01  9.002078175678e+00  2.078175678394e-03  1.870795213156e-01  4.334186519493e+00  4.054198717050e-01  4.054223611780e-01  4.052879238908e+00  8.008690752873e+00  1.499836482975e+01  0.000000000000e+00  5.260393608803e+00
 7.550000000000e+01  9.002078201050e+00  2.078201049739e-03  1.870817767119e-01  4.334123473948e+00  4.054188006467e-01  4.054211514687e-01  4.052942048035e+00  8.009287803867e+00  1.502353936494e+01  0.000000000000e+00  5.260457725406e+00
 7.600000000000e+01  9.002078225008e+00  2.078225008120e-03  1.870839065016e-01  4.334063940948e+00  4.054177892394e-01  4.054200091280e-01  4.053001357897e+00  8.009856930413e+00  1.504812112241e+01  0.000000000000e+00  5.260518269813e+00
 7.650000000000e+01  9.002078247632e+00  2.078247632177e-03  1.870859176753e-01  4.334007724857e+00  4.054168341626e-01  4.054189304070e-01  4.053057363377e+00  8.010399427703e+00  1.507212339147e+01  0.000000000000e+00  5.260575440981e+00
 7.700000000000e+01  9.002078268996e+00  2.078268995882e-03  1.870878168090e-01  4.333954641642e+00  4.054159322940e-01  4.054179117782e-01  4.053110247806e+00  8.010916529091e+00  1.509555919711e+01  0.000000000000e+00  5.260629426065e+00
 7.750000000000e+01  9.002078289170e+00  2.078289169789e-03  1.870896101740e-01  4.333904515822e+00  4.054150806534e-01  4.054169498798e-01  4.053160185989e+00  8.011409417022e+00  1.511844129926e+01  0.000000000000e+00  5.260680403525e+00
 7.800000000000e+01  9.002078308220e+00  2.078308219911e-03  1.870913036389e-01  4.333857183198e+00  4.054142764545e-01  4.054160415637e-01  4.053207341502e+00  8.011879214449e+00  1.514078220223e+01  0.000000000000e+00  5.260728540348e+00
 7.850000000000e+01  9.002078326209e+00  2.078326208780e-03  1.870929027632e-01  4.333812488221e+00  4.054135170576e-01  4.054151838475e-01  4.053251869299e+00  8.012326994364e+00  1.516259415506e+01  0.000000000000e+00  5.260773994723e+00
 7.900000000000e+01  9.002078343196e+00  2.078343195799e-03  1.870944128279e-01  4.333770283119e+00  4.054127999552e-01  4.054143738982e-01  4.053293916586e+00  8.012753783399e+00  1.518388915481e+01  0.000000000000e+00  5.260816916927e+00
 7.950000000000e+01  9.002078359236e+00  2.078359236325e-03  1.870958387533e-01  4.333730430300e+00  4.054121228094e-01  4.054136090780e-01  4.053333620435e+00  8.013160554213e+00  1.520467895438e+01  0.000000000000e+00  5.260857446892e+00
 8.000000000000e+01  9.002078374383e+00  2.078374383326e-03  1.870971852486e-01  4.333692798017e+00  4.054114833848e-01  4.054128868603e-01  4.053371112090e+00  8.013548240963e+00  1.522497506121e+01  0.000000000000e+00  5.260895718599e+00
 8.050000000000e+01  9.002078388687e+00  2.078388686681e-03  1.870984567479e-01  4.333657262253e+00  4.054108795757e-01  4.054122048668e-01  4.053406515099e+00  8.013917733387e+00  1.524478874415e+01  0.000000000000e+00  5.260931858172e+00
 8.100000000000e+01  9.002078402193e+00  2.078402193050e-03  1.870996573986e-01  4.333623707014e+00  4.054103094118e-01  4.054115608736e-01  4.053439945016e+00  8.014269876188e+00  1.526413103773e+01  0.000000000000e+00  5.260965983575e+00
 8.150000000000e+01  9.002078414947e+00  2.078414947065e-03  1.871007911684e-01  4.333592021342e+00  4.054097710088e-01  4.054109527528e-01  4.053471512379e+00  8.014605480274e+00  1.528301274370e+01  0.000000000000e+00  5.260998207650e+00
 8.200000000000e+01  9.002078426990e+00  2.078426990452e-03  1.871018617665e-01  4.333562101516e+00  4.054092626052e-01  4.054103785148e-01  4.053501320517e+00  8.014925315123e+00  1.530144443661e+01  0.000000000000e+00  5.261028635879e+00
 8.250000000000e+01  9.002078438362e+00  2.078438362337e-03  1.871028726717e-01  4.333533850271e+00  4.054087825495e-01  4.054098362935e-01  4.053529466330e+00  8.015230112070e+00  1.531943646727e+01  0.000000000000e+00  5.261057367181e+00
 8.300000000000e+01  9.002078449100e+00  2.078449100445e-03  1.871038272372e-01  4.333507173850e+00  4.054083292482e-01  4.054093242911e-01  4.053556043220e+00  8.015520576019e+00  1.533699896597e+01  0.000000000000e+00  5.261084496902e+00
 8.350000000000e+01  9.002078459240e+00  2.078459240447e-03  1.871047286337e-01  4.333481983611e+00  4.054079011951e-01  4.054088408078e-01  4.053581139497e+00  8.015797379683e+00  1.535414184680e+01  0.000000000000e+00  5.261110115195e+00
 8.400000000000e+01  9.002078468816e+00  2.078468815612e-03  1.871055798184e-01  4.333458196843e+00  4.054074969857e-01  4.054083842573e-01  4.053604837558e+00  8.016061160707e+00  1.537087481126e+01  0.000000000000e+00  5.261134306173e+00
 8.450000000000e+01  9.002078477856e+00  2.078477855792e-03  1.871063834457e-01  4.333435739230e+00  4.054071153628e-01  4.054079532128e-01  4.053627211430e+00  8.016312512436e+00  1.538720735209e+01  0.000000000000e+00  5.261157145408e+00
 8.500000000000e+01  9.002078486392e+00  2.078486392016e-03  1.871071422732e-01  4.333414533668e+00  4.054067550151e-01  4.054075461968e-01  4.053648337929e+00  8.016552027904e+00  1.540314875711e+01  0.000000000000e+00  5.261178711318e+00
 8.550000000000e+01  9.002078494453e+00  2.078494452992e-03  1.871078588521e-01  4.333394508760e+00  4.054064147313e-01  4.054071618406e-01  4.053668288176e+00  8.016780267030e+00  1.541870811298e+01  0.000000000000e+00  5.261199076509e+00
 8.600000000000e+01  9.002078502066e+00  2.078502065818e-03  1.871085355912e-01  4.333375597145e+00  4.054060933672e-01  4.054067988528e-01  4.053687129278e+00  8.016997763498e+00  1.543389430871e+01  0.000000000000e+00  5.261218309488e+00
 8.650000000000e+01  9.002078509253e+00  2.078509252693e-03  1.871091744679e-01  4.333357744024e+00  4.054057899813e-01  4.054064561751e-01  4.053704915865e+00  8.017204991561e+00  1.544871603715e+01  0.000000000000e+00  5.261236465996e+00
 8.700000000000e+01  9.002078516039e+00  2.078516039207e-03  1.871097777561e-01  4.333340885725e+00  4.054055034935e-01  4.054061325883e-01  4.053721711361e+00  8.017402450677e+00  1.546318180416e+01  0.000000000000e+00  5.261253610782e+00
 8.750000000000e+01  9.002078522448e+00  2.078522448266e-03  1.871103474929e-01  4.333324965442e+00  4.054052329345e-01  4.054058270014e-01  4.053737572371e+00  8.017590603976e+00  1.547729992830e+01  0.000000000000e+00  5.261269801624e+00
 8.800000000000e+01  9.002078528502e+00  2.078528501823e-03  1.871108856312e-01  4.333309928774e+00  4.054049773750e-01  4.054055383690e-01  4.053752553105e+00  8.017769896145e+00  1.549107854563e+01  0.000000000000e+00  5.261285093852e+00
 8.850000000000e+01  9.002078534217e+00  2.078534216862e-03  1.871113936730e-01  4.333295732826e+00  4.054047361132e-01  4.054052658740e-01  4.053766696228e+00  8.017940716489e+00  1.550452560457e+01  0.000000000000e+00  5.261299531062e+00
 8.900000000000e+01  9.002078539614e+00  2.078539613609e-03  1.871118734177e-01  4.333282327516e+00  4.054045082920e-01  4.054050085538e-01  4.053780051650e+00  8.018103475706e+00  1.551764888704e+01  0.000000000000e+00  5.261313164193e+00
 8.950000000000e+01  9.002078544710e+00  2.078544710046e-03  1.871123264618e-01  4.333269668030e+00  4.054042931558e-01  4.054047655494e-01  4.053792664001e+00  8.018258555238e+00  1.553045600016e+01  0.000000000000e+00  5.261326038815e+00
 9.000000000000e+01  9.002078549523e+00  2.078549523174e-03  1.871127543137e-01  4.333257711915e+00  4.054040899922e-01  4.054045360480e-01  4.053804575553e+00  8.018406319455e+00  1.554295438244e+01  0.000000000000e+00  5.261338198093e+00
 9.050000000000e+01  9.002078554068e+00  2.078554068025e-03  1.871131583193e-01  4.333246422242e+00  4.054038981509e-01  4.054043193388e-01  4.053815823154e+00  8.018547101727e+00  1.555515129674e+01  0.000000000000e+00  5.261349679607e+00
 9.100000000000e+01  9.002078558360e+00  2.078558359583e-03  1.871135398117e-01  4.333235761731e+00  4.054037169981e-01  4.054041147076e-01  4.053826443944e+00  8.018681230793e+00  1.556705385119e+01  0.000000000000e+00  5.261360521272e+00
 9.150000000000e+01  9.002078562412e+00  2.078562412167e-03  1.871139000642e-01  4.333225694705e+00  4.054035459292e-01  4.054039214714e-01  4.053836473460e+00  8.018809022271e+00  1.557866899623e+01  0.000000000000e+00  5.261370759367e+00
 9.200000000000e+01  9.002078566239e+00  2.078566239189e-03  1.871142402728e-01  4.333216187864e+00  4.054033843727e-01  4.054037389923e-01  4.053845944889e+00  8.018930775451e+00  1.559000352528e+01  0.000000000000e+00  5.261380427764e+00
 9.250000000000e+01  9.002078569853e+00  2.078569852962e-03  1.871145615261e-01  4.333207210720e+00  4.054032318159e-01  4.054035666821e-01  4.053854888596e+00  8.019046770541e+00  1.560106407088e+01  0.000000000000e+00  5.261389557465e+00
 9.300000000000e+01  9.002078573265e+00  2.078573265223e-03  1.871148648629e-01  4.333198734231e+00  4.054030877682e-01  4.054034039807e-01  4.053863333508e+00  8.019157276001e+00  1.561185711747e+01  0.000000000000e+00  5.261398178001e+00
 9.350000000000e+01  9.002078576487e+00  2.078576487451e-03  1.871151513063e-01  4.333190730009e+00  4.054029517403e-01  4.054032503430e-01  4.053871307924e+00  8.019262552858e+00  1.562238900972e+01  0.000000000000e+00  5.261406318252e+00
 9.400000000000e+01  9.002078579530e+00  2.078579530424e-03  1.871154218125e-01  4.333183171459e+00  4.054028232782e-01  4.054031052560e-01  4.053878838346e+00  8.019362848682e+00  1.563266594596e+01  0.000000000000e+00  5.261414005264e+00
 9.450000000000e+01  9.002078582404e+00  2.078582403958e-03  1.871156772546e-01  4.333176034075e+00  4.054027019684e-01  4.054029682501e-01  4.053885949183e+00  8.019458396341e+00  1.564269397878e+01  0.000000000000e+00  5.261421263957e+00
 9.500000000000e+01  9.002078585117e+00  2.078585116982e-03  1.871159184295e-01  4.333169295269e+00  4.054025874350e-01  4.054028388956e-01  4.053892662924e+00  8.019549414982e+00  1.565247901863e+01  0.000000000000e+00  5.261428117297e+00
 9.550000000000e+01  9.002078587679e+00  2.078587678840e-03  1.871161461649e-01  4.333162932013e+00  4.054024792862e-01  4.054027167471e-01  4.053899002514e+00  8.019636122014e+00  1.566202685229e+01  0.000000000000e+00  5.261434588702e+00
 9.600000000000e+01  9.002078590098e+00  2.078590098085e-03  1.871163612203e-01  4.333156922952e+00  4.054023771641e-01  4.054026013946e-01  4.053904989222e+00  8.019718722579e+00  1.567134313073e+01  0.000000000000e+00  5.261440699884e+00
 9.650000000000e+01  9.002078592383e+00  2.078592382685e-03  1.871165643044e-01  4.333151248247e+00  4.054022807324e-01  4.054024924576e-01  4.053910642813e+00  8.019797410666e+00  1.568043337321e+01  0.000000000000e+00  5.261446471022e+00
 9.700000000000e+01  9.002078594540e+00  2.078594539634e-03  1.871167560425e-01  4.333145890764e+00  4.054021896853e-01  4.054023896097e-01  4.053915980372e+00  8.019872363614e+00  1.568930296289e+01  0.000000000000e+00  5.261451919551e+00
 9.750000000000e+01  9.002078596576e+00  2.078596576389e-03  1.871169370970e-01  4.333140831752e+00  4.054021037121e-01  4.054022924916e-01  4.053921020567e+00  8.019943762690e+00  1.569795717412e+01  0.000000000000e+00  5.261457064536e+00
 9.800000000000e+01  9.002078598500e+00  2.078598499750e-03  1.871171080741e-01  4.333136054244e+00  4.054020225234e-01  4.054022007798e-01  4.053925780302e+00  8.020011777179e+00  1.570640115543e+01  0.000000000000e+00  5.261461923233e+00
 9.850000000000e+01  9.002078600316e+00  2.078600316153e-03  1.871172695475e-01  4.333131542194e+00  4.054019458451e-01  4.054021141683e-01  4.053930275559e+00  8.020076568547e+00  1.571463993653e+01  0.000000000000e+00  5.261466511961e+00
 9.900000000000e+01  9.002078602031e+00  2.078602031094e-03  1.871174219986e-01  4.333127282276e+00  4.054018734533e-01  4.054020323940e-01  4.053934519625e+00  8.020138281555e+00  1.572267841644e+01  0.000000000000e+00  5.261470844272e+00
 9.950000000000e+01  9.002078603651e+00  2.078603650527e-03  1.871175659599e-01  4.333123259593e+00  4.054018050916e-01  4.054019551750e-01  4.053938527337e+00  8.020197065904e+00  1.573052139964e+01  0.000000000000e+00  5.261474935316e+00
 1.000000000000e+02  9.002078605180e+00  2.078605179865e-03  1.871177019118e-01  4.333119460784e+00  4.054017405308e-01  4.054018822546e-01  4.053942312011e+00  8.020253060789e+00  1.573817357384e+01  0.000000000000e+00  5.261478798686e+00
 1.005000000000e+02  9.002078606624e+00  2.078606624269e-03  1.871178303119e-01  4.333115873143e+00  4.054016795523e-01  4.054018133886e-01  4.053945886310e+00  8.020306399416e+00  1.574563951917e+01  0.000000000000e+00  5.261482447305e+00
 1.010000000000e+02  9.002078607988e+00  2.078607988032e-03  1.871179515446e-01  4.333112485680e+00  4.054016219784e-01  4.054017483660e-01  4.053949261172e+00  8.020357202669e+00  1.575292369365e+01  0.000000000000e+00  5.261485892343e+00
 1.015000000000e+02  9.002078609276e+00  2.078609275822e-03  1.871180660232e-01  4.333109286940e+00  4.054015676122e-01  4.054016869659e-01  4.053952448011e+00  8.020405592323e+00  1.576003046858e+01  0.000000000000e+00  5.261489145448e+00
 1.020000000000e+02  9.002078610492e+00  2.078610491920e-03  1.871181741276e-01  4.333106266314e+00  4.054015162742e-01  4.054016289833e-01  4.053955457400e+00  8.020451683229e+00  1.576696411023e+01  0.000000000000e+00  5.261492217412e+00
 1.025000000000e+02  9.002078611640e+00  2.078611640362e-03  1.871182762160e-01  4.333103413772e+00  4.054014677963e-01  4.054015742243e-01  4.053958299332e+00  8.020495584934e+00  1.577372878561e+01  0.000000000000e+00  5.261495118432e+00
 1.030000000000e+02  9.002078612725e+00  2.078612724775e-03  1.871183726127e-01  4.333100720287e+00  4.054014220209e-01  4.054015225187e-01  4.053960982799e+00  8.020537398754e+00  1.578032855319e+01  0.000000000000e+00  5.261497857693e+00
 1.035000000000e+02  9.002078613749e+00  2.078613748715e-03  1.871184636340e-01  4.333098177005e+00  4.054013787978e-01  4.054014736965e-01  4.053963516622e+00  8.020577223502e+00  1.578676738431e+01  0.000000000000e+00  5.261500444198e+00
 1.040000000000e+02  9.002078614716e+00  2.078614715597e-03  1.871185495839e-01  4.333095775408e+00  4.054013379839e-01  4.054014275936e-01  4.053965909286e+00  8.020615154383e+00  1.579304916056e+01  0.000000000000e+00  5.261502886608e+00
 1.045000000000e+02  9.002078615629e+00  2.078615628628e-03  1.871186307484e-01  4.333093507486e+00  4.054012994432e-01  4.054013840568e-01  4.053968168772e+00  8.020651281834e+00  1.579917767102e+01  0.000000000000e+00  5.261505193071e+00
 1.050000000000e+02  9.002078616491e+00  2.078616490754e-03  1.871187073880e-01  4.333091365989e+00  4.054012630516e-01  4.054013429466e-01  4.053970302304e+00  8.020685690041e+00  1.580515660865e+01  0.000000000000e+00  5.261507370961e+00
 1.055000000000e+02  9.002078617305e+00  2.078617304770e-03  1.871187797503e-01  4.333089344038e+00  4.054012286912e-01  4.054013041308e-01  4.053972316734e+00  8.020718459402e+00  1.581098957995e+01  0.000000000000e+00  5.261509427271e+00
 1.060000000000e+02  9.002078618073e+00  2.078618073435e-03  1.871188480813e-01  4.333087434742e+00  4.054011962442e-01  4.054012674781e-01  4.053974218930e+00  8.020749669000e+00  1.581668011468e+01  0.000000000000e+00  5.261511369014e+00
 1.065000000000e+02  9.002078618799e+00  2.078618799340e-03  1.871189126111e-01  4.333085631693e+00  4.054011656004e-01  4.054012328661e-01  4.053976015275e+00  8.020779393517e+00  1.582223165670e+01  0.000000000000e+00  5.261513202708e+00
 1.070000000000e+02  9.002078619485e+00  2.078619484839e-03  1.871189735491e-01  4.333083929029e+00  4.054011366609e-01  4.054012001822e-01  4.053977711609e+00  8.020807702981e+00  1.582764756464e+01  0.000000000000e+00  5.261514934311e+00
 1.075000000000e+02  9.002078620132e+00  2.078620132036e-03  1.871190310823e-01  4.333082321481e+00  4.054011093393e-01  4.054011693235e-01  4.053979313180e+00  8.020834662573e+00  1.583293111262e+01  0.000000000000e+00  5.261516569181e+00
 1.080000000000e+02  9.002078620743e+00  2.078620743190e-03  1.871190854110e-01  4.333080803476e+00  4.054010835391e-01  4.054011401838e-01  4.053980825541e+00  8.020860337930e+00  1.583808550897e+01  0.000000000000e+00  5.261518112986e+00
 1.085000000000e+02  9.002078621320e+00  2.078621320348e-03  1.871191367170e-01  4.333079369930e+00  4.054010591745e-01  4.054011126652e-01  4.053982253756e+00  8.020884790552e+00  1.584311388257e+01  0.000000000000e+00  5.261519570896e+00
 1.090000000000e+02  9.002078621865e+00  2.078621865420e-03  1.871191851700e-01  4.333078016100e+00  4.054010361652e-01  4.054010866765e-01  4.053983602553e+00  8.020908078686e+00  1.584801928663e+01  0.000000000000e+00  5.261520947736e+00
 1.095000000000e+02  9.002078622380e+00  2.078622380044e-03  1.871192309167e-01  4.333076737886e+00  4.054010144404e-01  4.054010621399e-01  4.053984876014e+00  8.020930255438e+00  1.585280469244e+01  0.000000000000e+00  5.261522247674e+00
 1.100000000000e+02  9.002078622866e+00  2.078622866003e-03  1.871192741154e-01  4.333075530860e+00  4.054009939259e-01  4.054010389697e-01  4.053986078552e+00  8.020951374977e+00  1.585747301504e+01  0.000000000000e+00  5.261523475215e+00
 1.105000000000e+02  9.002078623325e+00  2.078623324907e-03  1.871193149094e-01  4.333074391008e+00  4.054009745543e-01  4.054010170885e-01  4.053987214165e+00  8.020971487852e+00  1.586202709605e+01  0.000000000000e+00  5.261524634438e+00
 1.110000000000e+02  9.002078623758e+00  2.078623758278e-03  1.871193534343e-01  4.333073314532e+00  4.054009562612e-01  4.054009964233e-01  4.053988286637e+00  8.020990642324e+00  1.586646970985e+01  0.000000000000e+00  5.261525729207e+00
 1.115000000000e+02  9.002078624167e+00  2.078624167464e-03  1.871193898087e-01  4.333072298155e+00  4.054009389888e-01  4.054009769121e-01  4.053989299233e+00  8.021008882026e+00  1.587080355225e+01  0.000000000000e+00  5.261526762857e+00
 1.120000000000e+02  9.002078624554e+00  2.078624553853e-03  1.871194241568e-01  4.333071338396e+00  4.054009226787e-01  4.054009584877e-01  4.053990255423e+00  8.021026251485e+00  1.587503127069e+01  0.000000000000e+00  5.261527738926e+00
 1.125000000000e+02  9.002078624919e+00  2.078624918729e-03  1.871194565926e-01  4.333070432077e+00  4.054009072765e-01  4.054009410893e-01  4.053991158370e+00  8.021042792281e+00  1.587915544492e+01  0.000000000000e+00  5.261528660647e+00
 1.130000000000e+02  9.002078625263e+00  2.078625263310e-03  1.871194872244e-01  4.333069576179e+00  4.054008927301e-01  4.054009246592e-01  4.053992011085e+00  8.021058544200e+00  1.588317859407e+01  0.000000000000e+00  5.261529531091e+00
 1.135000000000e+02  9.002078625589e+00  2.078625588658e-03  1.871195161466e-01  4.333068768047e+00  4.054008789960e-01  4.054009091458e-01  4.053992816212e+00  8.021073543487e+00  1.588710316626e+01  0.000000000000e+00  5.261530352958e+00
 1.140000000000e+02  9.002078625896e+00  2.078625895870e-03  1.871195434564e-01  4.333068004966e+00  4.054008660275e-01  4.054008944972e-01  4.053993576455e+00  8.021087826402e+00  1.589093156227e+01  0.000000000000e+00  5.261531129007e+00
 1.145000000000e+02  9.002078626186e+00  2.078626185975e-03  1.871195692454e-01  4.333067284390e+00  4.054008537810e-01  4.054008806647e-01  4.053994294352e+00  8.021101427335e+00  1.589466612423e+01  0.000000000000e+00  5.261531861830e+00
 1.150000000000e+02  9.002078626460e+00  2.078626459946e-03  1.871195935997e-01  4.333066603906e+00  4.054008422154e-01  4.054008676020e-01  4.053994972306e+00  8.021114379070e+00  1.589830913821e+01  0.000000000000e+00  5.261532553879e+00
 1.155000000000e+02  9.002078626719e+00  2.078626718637e-03  1.871196165957e-01  4.333065961380e+00  4.054008312948e-01  4.054008552679e-01  4.053995612444e+00  8.021126711763e+00  1.590186282827e+01  0.000000000000e+00  5.261533207326e+00
 1.160000000000e+02  9.002078626963e+00  2.078626962893e-03  1.871196383085e-01  4.333065354704e+00  4.054008209836e-01  4.054008436220e-01  4.053996216865e+00  8.021138454812e+00  1.590532936956e+01  0.000000000000e+00  5.261533824313e+00
 1.165000000000e+02  9.002078627194e+00  2.078627193542e-03  1.871196588119e-01  4.333064781821e+00  4.054008112468e-01  4.054008326248e-01  4.053996787618e+00  8.021149636738e+00  1.590871088829e+01  0.000000000000e+00  5.261534406933e+00
 1.170000000000e+02  9.002078627411e+00  2.078627411355e-03  1.871196781743e-01  4.333064240807e+00  4.054008020523e-01  4.054008222391e-01  4.053997326620e+00  8.021160284549e+00  1.591200945845e+01  0.000000000000e+00  5.261534957141e+00
 1.175000000000e+02  9.002078627617e+00  2.078627617031e-03  1.871196964579e-01  4.333063729934e+00  4.054007933702e-01  4.054008124320e-01  4.053997835593e+00  8.021170423336e+00  1.591522709978e+01  0.000000000000e+00  5.261535476696e+00
 1.180000000000e+02  9.002078627811e+00  2.078627811228e-03  1.871197137208e-01  4.333063247583e+00  4.054007851726e-01  4.054008031724e-01  4.053998316151e+00  8.021180076912e+00  1.591836578287e+01  0.000000000000e+00  5.261535967245e+00
 1.185000000000e+02  9.002078627995e+00  2.078627994607e-03  1.871197300223e-01  4.333062792096e+00  4.054007774316e-01  4.054007944286e-01  4.053998769945e+00  8.021189268895e+00  1.592142743729e+01  0.000000000000e+00  5.261536430473e+00
 1.190000000000e+02  9.002078628168e+00  2.078628167783e-03  1.871197454169e-01  4.333062361949e+00  4.054007701213e-01  4.054007861711e-01  4.053999198492e+00  8.021198021497e+00  1.592441394417e+01  0.000000000000e+00  5.261536867931e+00
 1.195000000000e+02  9.002078628331e+00  2.078628331321e-03  1.871197599548e-01  4.333061955738e+00  4.054007632178e-01  4.054007783731e-01  4.053999603193e+00  8.021206355591e+00  1.592732713706e+01  0.000000000000e+00  5.261537281045e+00
 1.200000000000e+02  9.002078628486e+00  2.078628485729e-03  1.871197736809e-01  4.333061572207e+00  4.054007566999e-01  4.054007710105e-01  4.053999985297e+00  8.021214290526e+00  1.593016880109e+01  0.000000000000e+00  5.261537671094e+00
