              time               Lfree               Rfree                  LR               Sfree                 LRS                LRSp                  Sp               mSOCS                SOCS              LRSOCS               pSTAT
 0.000000000000e+00  1.000000000000e+01  1.000000000000e+00  0.000000000000e+00  1.000000000000e+01  0.000000000000e+00  0.000000000000e+00  0.000000000000e+00  0.000000000000e+00  0.000000000000e+00  0.000000000000e+00  0.000000000000e+00
 5.000000000000e-01  9.011876024144e+00  1.187602414354e-02  1.286570316811e-01  9.101925802967e+00  6.624898872875e-01  1.969769457283e-01  3.433446479792e-02  4.512568601741e-04  3.816941168673e-06  4.103660411953e-08  2.355843097462e-01
 1.000000000000e+00  9.001253142075e+00  1.253142075426e-03  1.009061177814e-01  8.924122610413e+00  5.435617599629e-01  3.542760993965e-01  1.411625864921e-01  9.098861988854e-03  1.721021590052e-04  2.810660833717e-06  5.323156296248e-01
 1.500000000000e+00  9.001131916022e+00  1.131916022476e-03  1.021349973018e-01  8.740851353228e+00  4.827410648755e-01  4.139593195798e-01  2.642368212946e-01  4.089045544586e-02  1.255461887763e-03  3.263209740658e-05  7.764075818973e-01
 2.000000000000e+00  9.001151896076e+00  1.151896075709e-03  1.041334050246e-01  8.546070571730e+00  4.592348798503e-01  4.353102023339e-01  3.877457064819e-01  1.046622022999e-01  4.550787367764e-03  1.695465924764e-04  9.946945484207e-01
 2.500000000000e+00  9.001174605866e+00  1.174605865883e-03  1.061818231083e-01  8.351249337390e+00  4.496463318604e-01  4.424261802874e-01  5.117917366737e-01  2.014433022197e-01  1.147796601885e-02  5.709887550850e-04  1.199104330750e+00
 3.000000000000e+00  9.001196875323e+00  1.196875323290e-03  1.081672674845e-01  8.161102660158e+00  4.449748636483e-01  4.441867394682e-01  6.376613318592e-01  3.278781491978e-01  2.327099318669e-02  1.474183952776e-03  1.393922476194e+00
 3.500000000000e+00  9.001217727443e+00  1.217727443392e-03  1.100073492910e-01  7.977692246343e+00  4.417900728619e-01  4.437994460134e-01  7.654817978220e-01  4.789712985700e-01  4.085059570156e-02  3.185334267345e-03  1.580517680796e+00
 4.000000000000e+00  9.001236294678e+00  1.236294677940e-03  1.116245847562e-01  7.802126775264e+00  4.387144955981e-01  4.423627684265e-01  8.944939402850e-01  6.495397308347e-01  6.480907003519e-02  6.061786418278e-03  1.759158729139e+00
 4.500000000000e+00  9.001251719410e+00  1.251719409793e-03  1.129417746814e-01  7.635175023758e+00  4.351290296903e-01  4.401865120351e-01  1.023527299915e+00  8.348420594687e-01  9.544801233602e-02  1.049089406049e-02  1.929695946552e+00
 5.000000000000e+00  9.001263149261e+00  1.263149261043e-03  1.138824670647e-01  7.477482889212e+00  4.307019505030e-01  4.372847794741e-01  1.151301843370e+00  1.030788437615e+00  1.328358142384e-01  1.686758357420e-02  2.091815160286e+00
 5.500000000000e+00  9.001269761084e+00  1.269761083992e-03  1.143734749807e-01  7.329645797802e+00  4.252208050448e-01  4.335640111658e-01  1.276578287650e+00  1.233958306055e+00  1.768687240969e-01  2.557187760175e-02  2.245133397154e+00
 6.000000000000e+00  9.001270796881e+00  1.270796881457e-03  1.143482569380e-01  7.192226800628e+00  4.185353692937e-01  4.288981209958e-01  1.398218979872e+00  1.441539038899e+00  2.273280551863e-01  3.694738576810e-02  2.389237830079e+00
 6.500000000000e+00  9.001265603938e+00  1.265603938319e-03  1.137505610160e-01  7.065753263855e+00  4.105406461381e-01  4.231613792600e-01  1.515203428746e+00  1.651239237463e+00  2.839302455722e-01  5.128173952469e-02  2.523706090008e+00
 7.000000000000e+00  9.001253674317e+00  1.253674316946e-03  1.125379288044e-01  6.950704795422e+00  4.011732974961e-01  4.162451164394e-01  1.626624719401e+00  1.861201224362e+00  3.463684710109e-01  6.878991282015e-02  2.648121907083e+00
 7.500000000000e+00  9.001234679892e+00  1.234679892184e-03  1.106847251926e-01  6.847497687680e+00  3.904118371123e-01  4.080673974112e-01  1.731680483984e+00  2.069922501456e+00  4.143454056156e-01  8.960129026873e-02  2.762090475208e+00
 8.000000000000e+00  9.001208499542e+00  1.208499542334e-03  1.081843992541e-01  6.756468723211e+00  3.782768292918e-01  3.985790427638e-01  1.829664999944e+00  2.276189245567e+00  4.875972201266e-01  1.137511590249e-01  2.865254447498e+00
 8.500000000000e+00  9.001175235668e+00  1.175235667532e-03  1.050507351381e-01  6.677860142545e+00  3.648298090227e-01  3.877671038867e-01  1.919964756792e+00  2.479021676363e+00  5.659092118813e-01  1.411770461620e-01  2.957310048433e+00
 9.000000000000e+00  9.001135218125e+00  1.135218125469e-03  1.013179393593e-01  6.611807033288e+00  3.501705892401e-01  3.756562106741e-01  2.002057634585e+00  2.677629839711e+00  6.491237716916e-01  1.717199724781e-01  3.038022377472e+00
 9.500000000000e+00  9.001088994536e+00  1.088994535547e-03  9.703949061342e-02  6.558327999997e+00  3.344330437765e-01  3.623080013909e-01  2.075514838853e+00  2.871378103207e+00  7.371415607369e-01  2.051303995606e-01  3.107238956227e+00
 1.000000000000e+01  9.001037307269e+00  1.037307269280e-03  9.228582533448e-02  6.517319788161e+00  3.177795594706e-01  3.478188011702e-01  2.140004406522e+00  3.059756856464e+00  8.299168505328e-01  2.410784366325e-01  3.164900652369e+00
 1.050000000000e+01  9.000981058985e+00  9.810589854072e-04  8.714100639404e-02  6.488555924053e+00  3.003946406280e-01  3.323158629767e-01  2.195294951059e+00  3.242359648939e+00  9.274484969037e-01  2.791673608928e-01  3.211049435320e+00
 1.100000000000e+01  9.000921268998e+00  9.212689977626e-04  8.169866541919e-02  6.471689482909e+00  2.824779189302e-01  3.159524237960e-01  2.241258716478e+00  3.418864919446e+00  1.029767616376e+00  3.189496527339e-01  3.245832598161e+00
 1.150000000000e+01  9.000859024327e+00  8.590243272925e-04  7.605751085693e-02  6.466259679167e+00  2.642370175383e-01  2.989019094853e-01  2.277873114337e+00  3.589021233434e+00  1.136923346783e+00  3.599444676692e-01  3.269503303296e+00
 1.200000000000e+01  9.000795429219e+00  7.954292192340e-04  7.031680127270e-02  6.471701911282e+00  2.458805291332e-01  2.813516320413e-01  2.305220183646e+00  3.752635332000e+00  1.248967878735e+00  4.016555382106e-01  3.282417559586e+00
 1.250000000000e+01  9.000731556937e+00  7.315569367047e-04  6.457208398827e-02  6.487360649579e+00  2.276114739326e-01  2.634962929659e-01  2.323483710901e+00  3.909562429300e+00  1.365941872784e+00  4.435885220536e-01  3.285027876489e+00
 1.300000000000e+01  9.000668407391e+00  6.684073911307e-04  5.891152434042e-02  6.512504585351e+00  2.096214069933e-01  2.455316027347e-01  2.332943917448e+00  4.059698303873e+00  1.487861150747e+00  4.852669884176e-01  3.277874007656e+00
 1.350000000000e+01  9.000606872891e+00  6.068728907095e-04  5.341300946772e-02  6.546343268448e+00  1.920854393455e-01  2.276482795185e-01  2.333969835738e+00  4.202972848342e+00  1.614705413200e+00  5.262463286547e-01  3.261571292207e+00
 1.400000000000e+01  9.000547713800e+00  5.477138001711e-04  4.814215929867e-02  6.588044539858e+00  1.751582689406e-01  2.100266629548e-01  2.327009625750e+00  4.339344795058e+00  1.746409458765e+00  5.661251248828e-01  3.236797191202e+00
 1.450000000000e+01  9.000491544341e+00  4.915443405492e-04  4.315125382263e-02  6.636752042444e+00  1.589713188265e-01  1.928321187566e-01  2.312579192880e+00  4.468797417203e+00  1.882857174314e+00  6.045536941309e-01  3.204276638731e+00
 1.500000000000e+01  9.000438828168e+00  4.388281678866e-04  3.847901918356e-02  6.691602117578e+00  1.436310287827e-01  1.762113712596e-01  2.291249586726e+00  4.591335021014e+00  2.023878395230e+00  6.412396824833e-01  3.164766853640e+00
 1.550000000000e+01  9.000389882399e+00  3.898823989334e-04  3.415114528755e-02  6.751739527166e+00  1.292182464784e-01  1.602898437949e-01  2.263633638149e+00  4.706980093048e+00  2.169248498200e+00  6.759508119172e-01  3.119042226357e+00
 1.600000000000e+01  9.000344888385e+00  3.448883846626e-04  3.018137127623e-02  6.816331522760e+00  1.157886405418e-01  1.451700266958e-01  2.230372364063e+00  4.815770989328e+00  2.318690468192e+00  7.085150029785e-01  3.067879836699e+00
 1.650000000000e+01  9.000303907257e+00  3.039072574916e-04  2.657296206731e-02  6.884579920824e+00  1.033739969371e-01  1.309308439463e-01  2.192121610862e+00  4.917760067733e+00  2.471879060285e+00  7.388182196688e-01  3.012046082240e+00
 1.700000000000e+01  9.000266898343e+00  2.668983427019e-04  2.332040502500e-02  6.955730978699e+00  9.198422987892e-02  1.176279361719e-01  2.149539382948e+00  5.013012183974e+00  2.628446606061e+00  7.668004604585e-01  2.952284791423e+00
 1.750000000000e+01  9.000233738717e+00  2.337387168402e-04  2.041117849506e-02  7.029082986613e+00  8.160992033061e-02  1.052947435320e-01  2.103274225555e+00  5.101603481115e+00  2.787989991782e+00  7.924503488025e-01  2.889307093057e+00
 1.800000000000e+01  9.000204242506e+00  2.042425056218e-04  1.782747202652e-02  7.103991618709e+00  7.222518803208e-02  9.394423784296e-02  2.053954954727e+00  5.183620412660e+00  2.950078332367e+00  8.157987894699e-01  2.823783193259e+00
 1.850000000000e+01  9.000178178860e+00  1.781788604550e-04  1.554777061411e-02  7.179873156516e+00  6.379071433851e-02  8.357114363070e-02  2.002181952724e+00  5.259158948601e+00  3.114260905252e+00  8.369121224333e-01  2.756336129146e+00
 1.900000000000e+01  9.000155288005e+00  1.552880047863e-04  1.354825425886e-02  7.256205846174e+00  5.625675839089e-02  7.415447166399e-02  1.948520091196e+00  5.328323916267e+00  3.280074974149e+00  8.558851575585e-01  2.687537395436e+00
 1.950000000000e+01  9.000135294892e+00  1.352948919729e-04  1.180397898824e-02  7.332529671343e+00  4.956603680286e-02  6.566021363594e-02  1.893493282116e+00  5.391228435985e+00  3.447053203972e+00  8.728344055580e-01  2.617904291855e+00
 2.000000000000e+01  9.000117920415e+00  1.179204150274e-04  1.028982540623e-02  7.408444504675e+00  4.365637828540e-02  5.804408694941e-02  1.837580873596e+00  5.447993434956e+00  3.614730432948e+00  8.878917188210e-01  2.547899117041e+00
 2.050000000000e+01  9.000102889557e+00  1.028895569891e-04  8.981201831032e-03  7.483607452636e+00  3.846299684040e-02  5.125415079845e-02  1.781215406107e+00  5.498747188409e+00  3.782649529111e+00  9.011986908502e-01  2.477929550525e+00
 2.100000000000e+01  9.000089938801e+00  8.993880116722e-05  7.854686290915e-03  7.557729321214e+00  3.392047116983e-02  4.523320894831e-02  1.724781790262e+00  5.543624879167e+00  3.950366512605e+00  9.129016246668e-01  2.408350207617e+00
 2.150000000000e+01  9.000078820157e+00  7.882015686661e-05  6.888259493570e-03  7.630570429947e+00  2.996445629683e-02  3.992100955718e-02  1.668617643989e+00  5.582768160086e+00  4.117454659998e+00  9.231473843726e-01  2.339465113757e+00
 2.200000000000e+01  9.000069304981e+00  6.930498109854e-05  6.061810976370e-03  7.701936146853e+00  2.653291019545e-02  3.525614503078e-02  1.613014718733e+00  5.616324701142e+00  4.283507970772e+00  9.320797586933e-01  2.271530942953e+00
 2.250000000000e+01  9.000061183263e+00  6.118326254486e-05  5.356707880861e-03  7.771672268053e+00  2.356707429573e-02  3.117763764851e-02  1.558221045518e+00  5.644447711830e+00  4.448143048906e+00  9.398373267894e-01  2.204760657652e+00
 2.300000000000e+01  9.000054265683e+00  5.426568315442e-05  4.756517846233e-03  7.839660793749e+00  2.101183954790e-02  2.762614850193e-02  1.504443686053e+00  5.667295441055e+00  4.611001078631e+00  9.465511582978e-01  2.139327366704e+00
 2.350000000000e+01  9.000048385906e+00  4.838590628775e-05  4.246457732584e-03  7.905814892731e+00  1.881675123932e-02  2.454496104833e-02  1.451851894340e+00  5.685030649281e+00  4.771748871719e+00  9.523433739505e-01  2.075368356031e+00
 2.400000000000e+01  9.000043392971e+00  4.339297143690e-05  3.813568156900e-03  7.970075284758e+00  1.693553384422e-02  2.188074149374e-02  1.400580552144e+00  5.697820049680e+00  4.930078888157e+00  9.573266934107e-01  2.012989181399e+00
 2.450000000000e+01  9.000039158582e+00  3.915858169824e-05  3.446335583048e-03  8.032405754580e+00  1.532677256287e-02  1.958393557787e-02  1.350733673350e+00  5.705833732100e+00  5.085709483412e+00  9.616037275716e-01  1.952267472858e+00
 2.500000000000e+01  9.000035568029e+00  3.556802868750e-05  3.135085297579e-03  8.092790230077e+00  1.395307923856e-02  1.760907935939e-02  1.302387939130e+00  5.709244566573e+00  5.238384285337e+00  9.652671179528e-01  1.893256690686e+00
 2.550000000000e+01  9.000032522745e+00  3.252274540376e-05  2.871093191206e-03  8.151228813474e+00  1.278164540140e-02  1.591487544754e-02  1.255596110487e+00  5.708227596936e+00  5.387871433889e+00  9.683997930915e-01  1.835989541126e+00
 2.600000000000e+01  9.000029940087e+00  2.994008718091e-05  2.647086420468e-03  8.207735292174e+00  1.178354146088e-02  1.446417435540e-02  1.210390297116e+00  5.702959431485e+00  5.533962853867e+00  9.710751875531e-01  1.780481166366e+00
 2.650000000000e+01  9.000027746774e+00  2.774677427110e-05  2.456814508457e-03  8.262334622023e+00  1.093337077710e-02  1.322384116997e-02  1.166784996953e+00  5.693617638077e+00  5.676472827621e+00  9.733581566472e-01  1.726732007201e+00
 2.700000000000e+01  9.000025881566e+00  2.588156552059e-05  2.294940349476e-03  8.315060475615e+00  1.020918552332e-02  1.216453162641e-02  1.124779884972e+00  5.680380151090e+00  5.815237064183e+00  9.753053908123e-01  1.674730338862e+00
 2.750000000000e+01  9.000024292401e+00  2.429240118318e-05  2.156959153221e-03  8.365953440057e+00  9.592009032304e-03  1.126045371815e-02  1.084362346017e+00  5.663424696622e+00  5.950111384904e+00  9.769662155722e-01  1.624454550912e+00
 2.800000000000e+01  9.000022935300e+00  2.293529995757e-05  2.039055912201e-03  8.415059336752e+00  9.065544236949e-03  1.048907903454e-02  1.045509735495e+00  5.642928242289e+00  6.080970487715e+00  9.783833153934e-01  1.575875119012e+00
 2.850000000000e+01  9.000021773242e+00  2.177324211233e-05  1.938014894682e-03  8.462427826513e+00  8.615860218469e-03  9.830843421699e-03  1.008191375111e+00  5.619066476778e+00  6.207706734842e+00  9.795934381001e-01  1.528956313270e+00
 2.900000000000e+01  9.000020774700e+00  2.077469984837e-05  1.851218960962e-03  8.508111296091e+00  8.231041653862e-03  9.268846889151e-03  9.723702943923e-01  5.592013323272e+00  6.330228997417e+00  9.806280476732e-01  1.483657662256e+00
 2.950000000000e+01  9.000019914183e+00  1.991418344287e-05  1.776302603594e-03  8.552163714049e+00  7.901090543634e-03  8.788561753237e-03  9.380047335058e-01  5.561940489917e+00  6.448461420482e+00  9.815140607931e-01  1.439935195409e+00
 3.000000000000e+01  9.000019169745e+00  1.916974530477e-05  1.711428578841e-03  8.594640047263e+00  7.617464684529e-03  8.377553923640e-03  9.050494280725e-01  5.529017059412e+00  6.562342467084e+00  9.822743129447e-01  1.397742488054e+00
 3.050000000000e+01  9.000018523019e+00  1.852301915510e-05  1.655011333937e-03  8.635595464245e+00  7.373003151067e-03  8.025225439024e-03  8.734566934704e-01  5.493409118292e+00  6.671823823449e+00  9.829281669339e-01  1.357031532604e+00
 3.100000000000e+01  9.000017958985e+00  1.795898451947e-05  1.605769088184e-03  8.675084898999e+00  7.161645894757e-03  7.722569895874e-03  8.431773369613e-01  5.455279426036e+00  6.776869446232e+00  9.834919860137e-01  1.317753455107e+00
 3.150000000000e+01  9.000017464998e+00  1.746499820065e-05  1.562601153712e-03  8.713162575658e+00  6.978345523360e-03  7.461965050087e-03  8.141613800452e-01  5.414787135493e+00  6.877454689135e+00  9.839795531517e-01  1.279859078819e+00
 3.200000000000e+01  9.000017030598e+00  1.703059784040e-05  1.524603669128e-03  8.749881717561e+00  6.818860408519e-03  7.236978159482e-03  7.863586978605e-01  5.372087532956e+00  6.973565441489e+00  9.844024570421e-01  1.243299422031e+00
 3.250000000000e+01  9.000016647032e+00  1.664703232486e-05  1.491022287958e-03  8.785294287588e+00  6.679643458205e-03  7.042186318586e-03  7.597195148477e-01  5.327331823781e+00  7.065197329602e+00  9.847704307800e-01  1.208026068954e+00
 3.300000000000e+01  9.000016307031e+00  1.630703145749e-05  1.461229400999e-03  8.819450818842e+00  6.557732168176e-03  6.873033327754e-03  7.341947771253e-01  5.280666963881e+00  7.152355011447e+00  9.850916279487e-01  1.173991448991e+00
 3.350000000000e+01  9.000016004563e+00  1.600456314838e-05  1.434704391378e-03  8.852400291366e+00  6.450658643316e-03  6.725705315873e-03  7.097364432771e-01  5.232235523971e+00  7.235051532588e+00  9.853728569633e-01  1.141149049992e+00
 3.400000000000e+01  9.000015734599e+00  1.573459888784e-05  1.411012649824e-03  8.884190029701e+00  6.356362503030e-03  6.597005268992e-03  6.862977385448e-01  5.182175565848e+00  7.313307636611e+00  9.856198148563e-01  1.109453607796e+00
 3.450000000000e+01  9.000015492930e+00  1.549292973973e-05  1.389791118215e-03  8.914865647903e+00  6.273119152555e-03  6.484250706255e-03  6.638333431840e-01  5.130620556600e+00  7.387151147543e+00  9.858372759703e-01  1.078861232945e+00
 3.500000000000e+01  9.000015276021e+00  1.527602119407e-05  1.370732936564e-03  8.944471037665e+00  6.199487177826e-03  6.385197089417e-03  6.422994940879e-01  5.077699321115e+00  7.456616439851e+00  9.860292366520e-01  1.049329475158e+00
 3.550000000000e+01  9.000015080943e+00  1.508094316076e-05  1.353587108413e-03  8.973048372547e+00  6.134265009539e-03  6.297972745456e-03  6.216540394936e-01  5.023536016235e+00  7.521743960887e+00  9.861990240705e-01  1.020817362444e+00
 3.600000000000e+01  9.000014905221e+00  1.490522114511e-05  1.338136635521e-03  9.000638113580e+00  6.076449367553e-03  6.221014067268e-03  6.018564951764e-01  4.968250117395e+00  7.582579712915e+00  9.863494245856e-01  9.932854370528e-01
 3.650000000000e+01  9.000014746782e+00  1.474678205367e-05  1.324203769183e-03  9.027279034871e+00  6.025197976835e-03  6.153011581271e-03  5.828680808288e-01  4.911956426728e+00  7.639174789797e+00  9.864827697677e-01  9.666957671526e-01
 3.700000000000e+01  9.000014603878e+00  1.460387815246e-05  1.311639962140e-03  9.053008265793e+00  5.979802214984e-03  6.092868637405e-03  5.646517128917e-01  4.854765100585e+00  7.691584946574e+00  9.866010151844e-01  9.410119319924e-01
 3.750000000000e+01  9.000014474933e+00  1.447493285198e-05  1.300294151910e-03  9.077861337912e+00  5.939665960001e-03  6.039666407361e-03  5.471719738183e-01  4.796781691968e+00  7.739870172823e+00  9.867058284249e-01  9.161989961289e-01
 3.800000000000e+01  9.000014358727e+00  1.435872648824e-05  1.290087836195e-03  9.101872249308e+00  5.904274300122e-03  5.992631654401e-03  5.303950810564e-01  4.738107207108e+00  7.784094373677e+00  9.867985773598e-01  8.922234763931e-01
 3.850000000000e+01  9.000014254228e+00  1.425422790691e-05  1.280901058773e-03  9.125073479718e+00  5.873213516335e-03  5.951113407180e-03  5.142888510421e-01  4.678838173504e+00  7.824324932110e+00  9.868804476668e-01  8.690533067662e-01
 3.900000000000e+01  9.000014160679e+00  1.416067896568e-05  1.272696935185e-03  9.147496063812e+00  5.846134909293e-03  5.914567915124e-03  4.988226516447e-01  4.619066716413e+00  7.860632475870e+00  9.869523694385e-01  8.466578012790e-01
 3.950000000000e+01  9.000014076513e+00  1.407651317732e-05  1.265309983952e-03  9.169169707005e+00  5.822691965680e-03  5.882534650013e-03  4.839673438574e-01  4.558880644036e+00  7.893090286908e+00  9.870153167642e-01  8.250076010301e-01
 4.000000000000e+01  9.000014002376e+00  1.400237550577e-05  1.258826140476e-03  9.190122740602e+00  5.802650275591e-03  5.854610273202e-03  4.696952212317e-01  4.498363543196e+00  7.921774487567e+00  9.870698408123e-01  8.040746091236e-01
 4.050000000000e+01  9.000013936542e+00  1.393654213997e-05  1.253039532172e-03  9.210382178882e+00  5.785833281493e-03  5.830480783700e-03  4.559799572492e-01  4.437594878424e+00  7.946763200170e+00  9.871166397375e-01  7.838319878378e-01
 4.100000000000e+01  9.000013878169e+00  1.387816913345e-05  1.247963870245e-03  9.229974041394e+00  5.771898665814e-03  5.809856238803e-03  4.427965486075e-01  4.376650095021e+00  7.968136519400e+00  9.871563329330e-01  7.642540599410e-01
 4.150000000000e+01  9.000013828153e+00  1.382815266464e-05  1.243606059751e-03  9.248923022926e+00  5.760744757961e-03  5.792455181827e-03  4.301212380536e-01  4.315600729080e+00  7.985976432468e+00  9.871892957248e-01  7.453162323166e-01
 4.200000000000e+01  9.000013785113e+00  1.378511254506e-05  1.239868287702e-03  9.267252682177e+00  5.752280740663e-03  5.778086933600e-03  4.179314606121e-01  4.254514518398e+00  8.000366333870e+00  9.872159088025e-01  7.269950370834e-01
 4.250000000000e+01  9.000013748643e+00  1.374864335992e-05  1.236711130261e-03  9.284985663613e+00  5.746295125121e-03  5.766581355362e-03  4.062058024392e-01  4.193455515077e+00  8.011390771515e+00  9.872365936229e-01  7.092680412629e-01
 4.300000000000e+01  9.000013719280e+00  1.371928042990e-05  1.234205708880e-03  9.302143542811e+00  5.742700894683e-03  5.757755604375e-03  3.949239307098e-01  4.132484202388e+00  8.019135501461e+00  9.872515483887e-01  6.921137562953e-01
 4.350000000000e+01  9.000013695323e+00  1.369532318031e-05  1.232175278647e-03  9.318746943107e+00  5.741397606664e-03  5.751484453535e-03  3.840665339336e-01  4.071657611183e+00  8.023686858890e+00  9.872611772150e-01  6.755116592875e-01
 4.400000000000e+01  9.000013677896e+00  1.367789560308e-05  1.230707730004e-03  9.334815636455e+00  5.742268540051e-03  5.747629647760e-03  3.736152791584e-01  4.011029436352e+00  8.025132015837e+00  9.872656460636e-01  6.594420950058e-01
 4.450000000000e+01  9.000013665746e+00  1.366574579125e-05  1.229743384514e-03  9.350368470258e+00  5.745255931742e-03  5.746089467774e-03  3.635527521746e-01  3.950650154337e+00  8.023558509246e+00  9.872651753472e-01  6.438862738108e-01
 4.500000000000e+01  9.000013659383e+00  1.365938317470e-05  1.229263711928e-03  9.365423510423e+00  5.750277360464e-03  5.746766154677e-03  3.538624188964e-01  3.890567138868e+00  8.019054151917e+00  9.872599632668e-01  6.288262122170e-01
 4.550000000000e+01  9.000013658069e+00  1.365806941092e-05  1.229258962182e-03  9.379998037251e+00  5.757266585750e-03  5.749573404994e-03  3.445285711881e-01  3.830824777019e+00  8.011706888122e+00  9.872501728547e-01  6.142446961640e-01
 4.600000000000e+01  9.000013661988e+00  1.366198810280e-05  1.229706853652e-03  9.394108591204e+00  5.766161572858e-03  5.754435607872e-03  3.355362858762e-01  3.771464585414e+00  8.001604611998e+00  9.872359638546e-01  6.001252472239e-01
 4.650000000000e+01  9.000013670759e+00  1.367075911954e-05  1.230593205351e-03  9.407771009000e+00  5.776909179702e-03  5.761280796395e-03  3.268713823760e-01  3.712525322028e+00  7.988835047895e+00  9.872174759365e-01  5.864520818215e-01
 4.700000000000e+01  9.000013684290e+00  1.368428964342e-05  1.231906241509e-03  9.421000455859e+00  5.789459495134e-03  5.770046003824e-03  3.185203838275e-01  3.654043090138e+00  7.973485624479e+00  9.871948338469e-01  5.732100846466e-01
 4.750000000000e+01  9.000013702479e+00  1.370247885833e-05  1.233633917391e-03  9.433811460843e+00  5.803765405634e-03  5.780675851091e-03  3.104704760955e-01  3.596051458461e+00  7.955643336623e+00  9.871681522241e-01  5.603847737525e-01
 4.800000000000e+01  9.000013725165e+00  1.372516536967e-05  1.235764180651e-03  9.446217947637e+00  5.819785033591e-03  5.793118688526e-03  3.027094724530e-01  3.538581571269e+00  7.935394629674e+00  9.871375368089e-01  5.479622673301e-01
 4.850000000000e+01  9.000013752227e+00  1.375222716672e-05  1.238286629763e-03  9.458233261543e+00  5.837480360182e-03  5.807327081696e-03  2.952257823839e-01  3.481662243950e+00  7.912825306289e+00  9.871030835782e-01  5.359292580980e-01
 4.900000000000e+01  9.000013783563e+00  1.378356327970e-05  1.241191715547e-03  9.469870191595e+00  5.856816570307e-03  5.823258033798e-03  2.880083842743e-01  3.425320045545e+00  7.888020447903e+00  9.870648799941e-01  5.242729918352e-01
 4.950000000000e+01  9.000013819081e+00  1.381908104682e-05  1.244470546220e-03  9.481141005357e+00  5.877761373563e-03  5.840872600271e-03  2.810467847867e-01  3.369579429222e+00  7.861064293406e+00  9.870230062759e-01  5.129812332707e-01
 5.000000000000e+01  9.000013858678e+00  1.385867760189e-05  1.248114840436e-03  9.492057474939e+00  5.900285058757e-03  5.860134987141e-03  2.743309911426e-01  3.314462835174e+00  7.832040151761e+00  9.869775363131e-01  5.020422400029e-01
 5.050000000000e+01  9.000013902266e+00  1.390226577010e-05  1.252117043127e-03  9.502630897585e+00  5.924360372867e-03  5.881012157493e-03  2.678514877334e-01  3.259990774743e+00  7.801030337650e+00  9.869285380378e-01  4.914447420426e-01
 5.100000000000e+01  9.000013949770e+00  1.394977035102e-05  1.256470119869e-03  9.512872116285e+00  5.949962320645e-03  5.903473761124e-03  2.615992118542e-01  3.206181915982e+00  7.768116108436e+00  9.868760739051e-01  4.811779213951e-01
 5.150000000000e+01  9.000014001118e+00  1.400111824363e-05  1.261167535781e-03  9.522791540675e+00  5.977067800526e-03  5.927491994684e-03  2.555655293747e-01  3.153053171155e+00  7.733377602453e+00  9.868202014278e-01  4.712313915251e-01
 5.200000000000e+01  9.000014056241e+00  1.405624106297e-05  1.266203274554e-03  9.532399167871e+00  6.005655522422e-03  5.953041253789e-03  2.497422113803e-01  3.100619788095e+00  7.696893781193e+00  9.867609735852e-01  4.615951766070e-01
 5.250000000000e+01  9.000014115072e+00  1.411507160562e-05  1.271571671751e-03  9.541704601032e+00  6.035705622660e-03  5.980098252930e-03  2.441214116404e-01  3.048895425743e+00  7.658742371851e+00  9.866984392581e-01  4.522596933464e-01
 5.300000000000e+01  9.000014177555e+00  1.417755479228e-05  1.277267633408e-03  9.550717067720e+00  6.067200146187e-03  6.008641113598e-03  2.386956496185e-01  2.997892249379e+00  7.618999834700e+00  9.866326434291e-01  4.432157321347e-01
 5.350000000000e+01  9.000014243634e+00  1.424363361489e-05  1.283286234248e-03  9.559445440207e+00  6.100122036249e-03  6.038650140016e-03  2.334577821626e-01  2.947620997914e+00  7.577741281702e+00  9.865636278329e-01  4.344544377573e-01
 5.400000000000e+01  9.000014313260e+00  1.431325983643e-05  1.289623132970e-03  9.567898243801e+00  6.134456183011e-03  6.070106729194e-03  2.284010021345e-01  2.898091060890e+00  7.535040510002e+00  9.864914305720e-01  4.259673000167e-01
 5.450000000000e+01  9.000014386387e+00  1.438638668453e-05  1.296274123394e-03  9.576083685627e+00  6.170188227189e-03  6.102993933572e-03  2.235187986546e-01  2.849310567618e+00  7.490969872093e+00  9.864160872062e-01  4.177461261465e-01
 5.500000000000e+01  9.000014462971e+00  1.446297051620e-05  1.303235402577e-03  9.584009651249e+00  6.207305125981e-03  6.137296070614e-03  2.188049686389e-01  2.801286420666e+00  7.445600369052e+00  9.863376303074e-01  4.097830436258e-01
 5.550000000000e+01  9.000014542971e+00  1.454297062649e-05  1.310503372317e-03  9.591683738315e+00  6.245794733949e-03  6.172998568337e-03  2.142535741243e-01  2.754024413851e+00  7.399001504014e+00  9.862560902318e-01  4.020704669516e-01
 5.600000000000e+01  9.000014626350e+00  1.462635018269e-05  1.318074765623e-03  9.599113249212e+00  6.285645962309e-03  6.210088193030e-03  2.098589524434e-01  2.707529234673e+00  7.351241381965e+00  9.861714946059e-01  3.946011048266e-01
 5.650000000000e+01  9.000014713074e+00  1.471307392091e-05  1.325946513532e-03  9.606305222313e+00  6.326848484327e-03  6.248552600607e-03  2.056156820383e-01  2.661804589328e+00  7.302386590192e+00  9.860838692047e-01  3.873679292034e-01
 5.700000000000e+01  9.000014803110e+00  1.480311029786e-05  1.334115778282e-03  9.613266427469e+00  6.369392880315e-03  6.288380542232e-03  2.015185879191e-01  2.616853201596e+00  7.252502272207e+00  9.859932375659e-01  3.803641796514e-01
 5.750000000000e+01  9.000014896430e+00  1.489642966325e-05  1.342579922105e-03  9.620003391408e+00  6.413270388674e-03  6.329561615579e-03  1.975627130729e-01  2.572676924898e+00  7.201652045019e+00  9.858996215210e-01  3.735833382041e-01
 5.800000000000e+01  9.000014993004e+00  1.499300416590e-05  1.351336499909e-03  9.626522396426e+00  6.458472973029e-03  6.372086223200e-03  1.937433231671e-01  2.529276747728e+00  7.149898056082e+00  9.858030411767e-01  3.670191306022e-01
 5.850000000000e+01  9.000015092808e+00  1.509280820341e-05  1.360383228404e-03  9.632829501814e+00  6.504993175816e-03  6.415945509602e-03  1.900558804558e-01  2.486652892333e+00  7.097300919388e+00  9.857035151550e-01  3.606655050108e-01
 5.900000000000e+01  9.000015195818e+00  1.519581792161e-05  1.369718010211e-03  9.638930542718e+00  6.552824171027e-03  6.461131312642e-03  1.864960481131e-01  2.444804819533e+00  7.043919774934e+00  9.856010605652e-01  3.545166331114e-01
 5.950000000000e+01  9.000015302011e+00  1.530201095306e-05  1.379338879256e-03  9.644831150288e+00  6.601959608328e-03  6.507636037224e-03  1.830596671672e-01  2.403731322385e+00  6.989812229614e+00  9.854956933413e-01  3.485668901045e-01
 6.000000000000e+01  9.000015411367e+00  1.541136688420e-05  1.389244010497e-03  9.650536749401e+00  6.652393660712e-03  6.555452757377e-03  1.797427598859e-01  2.363430524369e+00  6.935034422515e+00  9.853874280816e-01  3.428108569390e-01
 6.050000000000e+01  9.000015523866e+00  1.552386646476e-05  1.399431699212e-03  9.656052577819e+00  6.704120903986e-03  6.604574991524e-03  1.765415095468e-01  2.323899970520e+00  6.879640972621e+00  9.852762784159e-01  3.372433012777e-01
 6.100000000000e+01  9.000015639492e+00  1.563949168453e-05  1.409900349027e-03  9.661383683857e+00  6.757136274359e-03  6.654996812798e-03  1.734522638927e-01  2.285136621401e+00  6.823685041247e+00  9.851622569492e-01  3.318591798699e-01
 6.150000000000e+01  9.000015758226e+00  1.575822572200e-05  1.420648459376e-03  9.666534943502e+00  6.811435039663e-03  6.706712693526e-03  1.704715164232e-01  2.247136938243e+00  6.767218293079e+00  9.850453754588e-01  3.266536214586e-01
 6.200000000000e+01  9.000015880053e+00  1.588005276799e-05  1.431674636474e-03  9.671511059010e+00  6.867012774294e-03  6.759717489318e-03  1.675959100061e-01  2.209896877027e+00  6.710290950684e+00  9.849256449242e-01  3.216219282165e-01
 6.250000000000e+01  9.000016004958e+00  1.600495786380e-05  1.442977555843e-03  9.676316573768e+00  6.923865272554e-03  6.814006398938e-03  1.648222199998e-01  2.173411965425e+00  6.652951768994e+00  9.848030756919e-01  3.167595609601e-01
 6.300000000000e+01  9.000016132927e+00  1.613292706800e-05  1.454555972298e-03  9.680955871608e+00  6.981988612969e-03  6.869574910881e-03  1.621473566810e-01  2.137677297724e+00  6.595248084363e+00  9.846776774538e-01  3.120621397796e-01
 6.350000000000e+01  9.000016263947e+00  1.626394703728e-05  1.466408700481e-03  9.685433190030e+00  7.041379019555e-03  6.926418753300e-03  1.595683511028e-01  2.102687604666e+00  6.537225797968e+00  9.845494594567e-01  3.075254309516e-01
 6.400000000000e+01  9.000016398005e+00  1.639800498065e-05  1.478534596648e-03  9.689752619702e+00  7.102032851129e-03  6.984533903605e-03  1.570823563560e-01  2.068437247841e+00  6.478929423053e+00  9.844184305207e-01  3.031453474475e-01
 6.450000000000e+01  9.000016535089e+00  1.653508863676e-05  1.490932561401e-03  9.693918116522e+00  7.163946580065e-03  7.043916486618e-03  1.546866353275e-01  2.034920284046e+00  6.420402074184e+00  9.842845991603e-01  2.989179368985e-01
 6.500000000000e+01  9.000016675186e+00  1.667518610364e-05  1.503601537024e-03  9.697933501081e+00  7.227116704940e-03  7.104562792324e-03  1.523785622064e-01  2.002130458555e+00  6.361685513157e+00  9.841479736567e-01  2.948393822152e-01
 6.550000000000e+01  9.000016818286e+00  1.681828574468e-05  1.516540483254e-03  9.701802469738e+00  7.291539752153e-03  7.166469202031e-03  1.501556108499e-01  1.970061264454e+00  6.302820143916e+00  9.840085621539e-01  2.909059905105e-01
 6.600000000000e+01  9.000016964376e+00  1.696437635940e-05  1.529748394964e-03  9.705528594100e+00  7.357212296717e-03  7.229632165762e-03  1.480153567480e-01  1.938705935192e+00  6.243845055674e+00  9.838663726432e-01  2.871141936039e-01
 6.650000000000e+01  9.000017113447e+00  1.711344678451e-05  1.543224272798e-03  9.709115331128e+00  7.424130840713e-03  7.294048163100e-03  1.459554662759e-01  1.908057498841e+00  6.184798023984e+00  9.837214131537e-01  2.834605380319e-01
 6.700000000000e+01  9.000017265486e+00  1.726548588048e-05  1.556967108485e-03  9.712566022876e+00  7.492291852468e-03  7.359713682478e-03  1.439736980659e-01  1.878108770466e+00  6.125715550173e+00  9.835736917477e-01  2.799416852720e-01
 6.750000000000e+01  9.000017420483e+00  1.742048251529e-05  1.570975894191e-03  9.715883905508e+00  7.561691697581e-03  7.426625166349e-03  1.420678939267e-01  1.848852401351e+00  6.066632868162e+00  9.834232166364e-01  2.765544027954e-01
 6.800000000000e+01  9.000017578425e+00  1.757842522813e-05  1.585249598505e-03  9.719072109403e+00  7.632326536569e-03  7.494778994040e-03  1.402359794192e-01  1.820280871515e+00  6.007583980686e+00  9.832699963227e-01  2.732955640612e-01
 6.850000000000e+01  9.000017739302e+00  1.773930235862e-05  1.599787165478e-03  9.722133667178e+00  7.704192382029e-03  7.564171435785e-03  1.384759560527e-01  1.792386534145e+00  5.948601670550e+00  9.831140395914e-01  2.701621404404e-01
 6.900000000000e+01  9.000017903102e+00  1.790310214740e-05  1.614587534509e-03  9.725071513849e+00  7.777285048752e-03  7.634798614070e-03  1.367859018734e-01  1.765161608265e+00  5.889717534668e+00  9.829553555776e-01  2.671512011027e-01
 6.950000000000e+01  9.000018069812e+00  1.806981232398e-05  1.629649598677e-03  9.727888494267e+00  7.851600087504e-03  7.706656479163e-03  1.351639641308e-01  1.738598218823e+00  5.830961998437e+00  9.827939538994e-01  2.642599056461e-01
 7.000000000000e+01  9.000018239420e+00  1.823942034657e-05  1.644972212862e-03  9.730587363155e+00  7.927132876997e-03  7.779740792839e-03  1.336083601252e-01  1.712688389320e+00  5.772364347855e+00  9.826298445740e-01  2.614855039685e-01
 7.050000000000e+01  9.000018411913e+00  1.841191314360e-05  1.660554187541e-03  9.733170792043e+00  8.003878473748e-03  7.854047070422e-03  1.321173703913e-01  1.687424078067e+00  5.713952746671e+00  9.824630382322e-01  2.588253294845e-01
 7.100000000000e+01  9.000018587277e+00  1.858727667069e-05  1.676394242389e-03  9.735641369505e+00  8.081831548072e-03  7.929570584318e-03  1.306893392957e-01  1.662797170692e+00  5.655754266016e+00  9.822935462256e-01  2.562767989473e-01
 7.150000000000e+01  9.000018765496e+00  1.876549631187e-05  1.692491040173e-03  9.738001607293e+00  8.160986449465e-03  8.006306304481e-03  1.293226691417e-01  1.638799512887e+00  5.597794904428e+00  9.821213805866e-01  2.538374062582e-01
 7.200000000000e+01  9.000018946557e+00  1.894655659923e-05  1.708843181805e-03  9.740253940843e+00  8.241337029952e-03  8.084248841187e-03  1.280158203589e-01  1.615422903003e+00  5.540099615021e+00  9.819465542675e-01  2.515047221277e-01
 7.250000000000e+01  9.000019130441e+00  1.913044108691e-05  1.725449174345e-03  9.742400734776e+00  8.322876716459e-03  8.163392453752e-03  1.267673063746e-01  1.592659121354e+00  5.482692327685e+00  9.817690810914e-01  2.492763885087e-01
 7.300000000000e+01  9.000019317133e+00  1.931713295442e-05  1.742307485015e-03  9.744444283227e+00  8.405598617353e-03  8.243730987568e-03  1.255756937686e-01  1.570499923118e+00  5.425595974496e+00  9.815889756542e-01  2.471501181560e-01
 7.350000000000e+01  9.000019506614e+00  1.950661420963e-05  1.759416480919e-03  9.746386815190e+00  8.489495284770e-03  8.325257853905e-03  1.244395975023e-01  1.548937064389e+00  5.368832513164e+00  9.814062536432e-01  2.451236895259e-01
 7.400000000000e+01  9.000019698866e+00  1.969886563174e-05  1.776774395790e-03  9.748230494760e+00  8.574558844681e-03  8.407966067611e-03  1.233576811896e-01  1.527962295298e+00  5.312422950619e+00  9.812209317033e-01  2.431949463956e-01
 7.450000000000e+01  9.000019893867e+00  1.989386704977e-05  1.794379379444e-03  9.749977426034e+00  8.660780898760e-03  8.491848133410e-03  1.223286526638e-01  1.507567383221e+00  5.256387367798e+00  9.810330275984e-01  2.413617930682e-01
 7.500000000000e+01  9.000020091596e+00  2.009159624484e-05  1.812229410113e-03  9.751629653843e+00  8.748152208658e-03  8.576896042977e-03  1.213512641224e-01  1.487744105991e+00  5.200744940946e+00  9.808425606191e-01  2.396221939491e-01
 7.550000000000e+01  9.000020292030e+00  2.029202979561e-05  1.830322345605e-03  9.753189167798e+00  8.836663010019e-03  8.663101255206e-03  1.204243082306e-01  1.468484272575e+00  5.145513967799e+00  9.806495512364e-01  2.379741691928e-01
 7.600000000000e+01  9.000020495143e+00  2.049514343061e-05  1.848655992701e-03  9.754657903071e+00  8.926302858708e-03  8.750454546384e-03  1.195466180369e-01  1.449779716426e+00  5.090711887359e+00  9.804540213358e-01  2.364157940709e-01
 7.650000000000e+01  9.000020700911e+00  2.070091100567e-05  1.867227987292e-03  9.756037744330e+00  9.017060554856e-03  8.838946102994e-03  1.187170635539e-01  1.431622313770e+00  5.036355306268e+00  9.802559943209e-01  2.349451951163e-01
 7.700000000000e+01  9.000020909306e+00  2.090930594659e-05  1.886035894786e-03  9.757330525818e+00  9.108924640574e-03  8.928565507396e-03  1.179345516607e-01  1.414003977197e+00  4.982460017772e+00  9.800554945283e-01  2.335605495426e-01
 7.750000000000e+01  9.000021120300e+00  2.112030000810e-05  1.905077144863e-03  9.758538035657e+00  9.201882816460e-03  9.019301625750e-03  1.171980229064e-01  1.396916671704e+00  4.929041027840e+00  9.798525479900e-01  2.322600815270e-01
 7.800000000000e+01  9.000021333862e+00  2.133386198762e-05  1.924348865949e-03  9.759662016211e+00  9.295921926441e-03  9.111142787637e-03  1.165064515228e-01  1.380352408509e+00  4.876112572016e+00  9.796471824350e-01  2.310420618634e-01
 7.850000000000e+01  9.000021549960e+00  2.154995956961e-05  1.943848081531e-03  9.760704167482e+00  9.391028193810e-03  9.204076566972e-03  1.158588424034e-01  1.364303259100e+00  4.823688142671e+00  9.794394270752e-01  2.299048043252e-01
 7.900000000000e+01  9.000021768557e+00  2.176855715567e-05  1.963571576387e-03  9.761666148638e+00  9.487186306408e-03  9.298089652001e-03  1.152542310247e-01  1.348761349227e+00  4.771780503312e+00  9.792293137851e-01  2.288466650569e-01
 7.950000000000e+01  9.000021989617e+00  2.198961711715e-05  1.983515927010e-03  9.762549580229e+00  9.584380222065e-03  9.393168020288e-03  1.146916807988e-01  1.333718871157e+00  4.720401716534e+00  9.790168760906e-01  2.278660395501e-01
 8.000000000000e+01  9.000022213103e+00  2.221310250885e-05  2.003677811427e-03  9.763356044909e+00  9.682593430830e-03  9.489296590349e-03  1.141702827730e-01  1.319168077873e+00  4.669563158468e+00  9.788021489419e-01  2.269613616611e-01
 8.050000000000e+01  9.000022438973e+00  2.243897330092e-05  2.024053640023e-03  9.764087090781e+00  9.781808193503e-03  9.586459441992e-03  1.136891533579e-01  1.305101293656e+00  4.619275544566e+00  9.785851696282e-01  2.261311010262e-01
 8.100000000000e+01  9.000022667189e+00  2.266718925210e-05  2.044639695594e-03  9.764744230345e+00  9.882007009955e-03  9.684640105852e-03  1.132474340898e-01  1.291510908483e+00  4.569548944462e+00  9.783659758764e-01  2.253737626459e-01
 8.150000000000e+01  9.000022897708e+00  2.289770845198e-05  2.065432146309e-03  9.765328944915e+00  9.983171316380e-03  9.783821064706e-03  1.128442893936e-01  1.278389387122e+00  4.520392806563e+00  9.781446076412e-01  2.246878837699e-01
 8.200000000000e+01  9.000023130482e+00  2.313048164017e-05  2.086426448547e-03  9.765842685468e+00  1.008528055608e-02  9.883984240051e-03  1.124789065854e-01  1.265729263693e+00  4.471815968786e+00  9.779211081507e-01  2.240720339763e-01
 8.250000000000e+01  9.000023365459e+00  2.336545896116e-05  2.107617977925e-03  9.766286874188e+00  1.018831376354e-02  9.985110628609e-03  1.121504936169e-01  1.253523149440e+00  4.423826686327e+00  9.776955220480e-01  2.235248120494e-01
 8.300000000000e+01  9.000023602586e+00  2.360258601904e-05  2.129001897441e-03  9.766662908027e+00  1.029224710221e-02  1.008717956632e-02  1.118582788735e-01  1.241763727525e+00  4.376432639112e+00  9.774678987251e-01  2.230448448721e-01
 8.350000000000e+01  9.000023841805e+00  2.384180479805e-05  2.150572985788e-03  9.766972158397e+00  1.039705573952e-02  1.019016964459e-02  1.116015093856e-01  1.230443759518e+00  4.329640959651e+00  9.772382897024e-01  2.226307858638e-01
 8.400000000000e+01  9.000024083065e+00  2.408306482514e-05  2.172326755262e-03  9.767215970629e+00  1.050271609742e-02  1.029405795194e-02  1.113794502168e-01  1.219556080453e+00  4.283458245500e+00  9.770067460076e-01  2.222813132743e-01
 8.450000000000e+01  9.000024326310e+00  2.432631037972e-05  2.194258298606e-03  9.767395668777e+00  1.060920244145e-02  1.039882041517e-02  1.111913831118e-01  1.209093604160e+00  4.237890579564e+00  9.767733224114e-01  2.219951287828e-01
 8.500000000000e+01  9.000024571486e+00  2.457148569617e-05  2.216362338985e-03  9.767512550773e+00  1.071649099520e-02  1.050443336779e-02  1.110366062952e-01  1.199049318402e+00  4.192943544601e+00  9.765380716894e-01  2.217709582331e-01
 8.550000000000e+01  9.000024818535e+00  2.481853510807e-05  2.238633700602e-03  9.767567895326e+00  1.082455697055e-02  1.061087161034e-02  1.109144326565e-01  1.189416289358e+00  4.148622242747e+00  9.763010490605e-01  2.216075477043e-01
 8.600000000000e+01  9.000025067381e+00  2.506738119870e-05  2.261065191304e-03  9.767562965471e+00  1.093336957863e-02  1.071810952320e-02  1.108241901965e-01  1.180187656853e+00  4.104931297335e+00  9.760623182027e-01  2.215036649513e-01
 8.650000000000e+01  9.000025317949e+00  2.531794854288e-05  2.283649692191e-03  9.767499005112e+00  1.104289882198e-02  1.082612067867e-02  1.107652198903e-01  1.171356637986e+00  4.061874884564e+00  9.758219427357e-01  2.214580960664e-01
 8.700000000000e+01  9.000025570157e+00  2.557015695181e-05  2.306380341327e-03  9.767377249421e+00  1.115310845810e-02  1.093487456863e-02  1.107368752377e-01  1.162916522840e+00  4.019456730720e+00  9.755799963520e-01  2.214696421217e-01
 8.750000000000e+01  9.000025823919e+00  2.582391896645e-05  2.329249486539e-03  9.767198917972e+00  1.126396088294e-02  1.104434042138e-02  1.107385214535e-01  1.154860676972e+00  3.977680141775e+00  9.753365551672e-01  2.215371211463e-01
 8.800000000000e+01  9.000026079189e+00  2.607918898532e-05  2.352253457201e-03  9.766965205367e+00  1.137542959187e-02  1.115448614306e-02  1.107695341817e-01  1.147182537462e+00  3.936548026233e+00  9.750916814959e-01  2.216593650424e-01
 8.850000000000e+01  9.000026335908e+00  2.633590773164e-05  2.375387441379e-03  9.766677298374e+00  1.148748265904e-02  1.126527769359e-02  1.108292991066e-01  1.139875614693e+00  3.896062894026e+00  9.748454461753e-01  2.218352189681e-01
 8.900000000000e+01  9.000026593995e+00  2.659399470069e-05  2.398642603256e-03  9.766336361296e+00  1.160009148530e-02  1.137668555951e-02  1.109172122804e-01  1.132933488158e+00  3.856226874207e+00  9.745979162343e-01  2.220635472199e-01
 8.950000000000e+01  9.000026853381e+00  2.685338137086e-05  2.422011743462e-03  9.765943548213e+00  1.171322812103e-02  1.148867754219e-02  1.110326778854e-01  1.126349808091e+00  3.817041731662e+00  9.743491590890e-01  2.223432236667e-01
 9.000000000000e+01  9.000027113910e+00  2.711390987179e-05  2.445480617068e-03  9.765500031692e+00  1.182683557641e-02  1.160121757932e-02  1.111751095747e-01  1.120118291393e+00  3.778508832494e+00  9.740992821944e-01  2.226731327324e-01
 9.050000000000e+01  9.000027375435e+00  2.737543452918e-05  2.469035325533e-03  9.765006967514e+00  1.194086296712e-02  1.171427022143e-02  1.113439279434e-01  1.114232722511e+00  3.740629210519e+00  9.738483859284e-01  2.230521695192e-01
 9.100000000000e+01  9.000027637884e+00  2.763788402551e-05  2.492672374311e-03  9.764465514646e+00  1.205526066828e-02  1.182778782800e-02  1.115385580704e-01  1.108686950071e+00  3.703403565250e+00  9.735965711224e-01  2.234792246870e-01
 9.150000000000e+01  9.000027901149e+00  2.790114852416e-05  2.516384241741e-03  9.763876829235e+00  1.216997138239e-02  1.194172357498e-02  1.117584316430e-01  1.103474886700e+00  3.666832268881e+00  9.733439495294e-01  2.239531993829e-01
 9.200000000000e+01  9.000028165283e+00  2.816528262648e-05  2.540175018615e-03  9.763241990557e+00  1.228499925092e-02  1.205604144116e-02  1.120029842663e-01  1.098590505381e+00  3.630915464840e+00  9.730905488837e-01  2.244730101931e-01
 9.250000000000e+01  9.000028430324e+00  2.843032391125e-05  2.564048336596e-03  9.762562090933e+00  1.240033562530e-02  1.217069861315e-02  1.122716555237e-01  1.094027839694e+00  3.595652982657e+00  9.728364169781e-01  2.250375734427e-01
 9.300000000000e+01  9.000028695962e+00  2.869596169646e-05  2.587962449315e-03  9.761838241220e+00  1.251592335110e-02  1.228567012078e-02  1.125638942697e-01  1.089780979529e+00  3.561044283536e+00  9.725816779942e-01  2.256458354296e-01
 9.350000000000e+01  9.000028961998e+00  2.896199760730e-05  2.611904987104e-03  9.761071558140e+00  1.263169878979e-02  1.240092218241e-02  1.128791559215e-01  1.085844070957e+00  3.527088565783e+00  9.723264419201e-01  2.262967430708e-01
 9.400000000000e+01  9.000029228288e+00  2.922828789413e-05  2.635883867303e-03  9.760263184576e+00  1.274757256058e-02  1.251640907888e-02  1.132169035479e-01  1.082211314343e+00  3.493784741747e+00  9.720708360824e-01  2.269892428638e-01
 9.450000000000e+01  9.000029494902e+00  2.949490151008e-05  2.659887438888e-03  9.759414221050e+00  1.286351186147e-02  1.263207023486e-02  1.135765981732e-01  1.078876964321e+00  3.461131488645e+00  9.718149654403e-01  2.277222670891e-01
 9.500000000000e+01  9.000029761714e+00  2.976171409955e-05  2.683903964811e-03  9.758525773895e+00  1.297947256355e-02  1.274785060373e-02  1.139577002795e-01  1.075835327305e+00  3.429127227923e+00  9.715589410309e-01  2.284947535425e-01
 9.550000000000e+01  9.000030028584e+00  3.002858378098e-05  2.707915409785e-03  9.757598932023e+00  1.309543040014e-02  1.286369600587e-02  1.143596671521e-01  1.073080760139e+00  3.397770155455e+00  9.713028594775e-01  2.293056375772e-01
 9.600000000000e+01  9.000030295292e+00  3.029529158592e-05  2.731915780605e-03  9.756634808341e+00  1.321132011278e-02  1.297956782201e-02  1.147819597827e-01  1.070607666129e+00  3.367058220051e+00  9.710468308701e-01  2.301538715472e-01
 9.650000000000e+01  9.000030561780e+00  3.056178042800e-05  2.755896509892e-03  9.755634503380e+00  1.332709093374e-02  1.309541960880e-02  1.152240436953e-01  1.068410492655e+00  3.336989150076e+00  9.707909610442e-01  2.310384056867e-01
 9.700000000000e+01  9.000030827976e+00  3.082797583716e-05  2.779850325197e-03  9.754599123585e+00  1.344267975666e-02  1.321120760320e-02  1.156853881349e-01  1.066483729150e+00  3.307560448475e+00  9.705353642162e-01  2.319581966596e-01
 9.750000000000e+01  9.000031093769e+00  3.109376946609e-05  2.803759929405e-03  9.753529764942e+00  1.355804204735e-02  1.332687414336e-02  1.161654642419e-01  1.064821905334e+00  3.278769403259e+00  9.702801599875e-01  2.329121930117e-01
 9.800000000000e+01  9.000031358979e+00  3.135897935502e-05  2.827613842243e-03  9.752427534823e+00  1.367312134602e-02  1.344236474899e-02  1.166637400749e-01  1.063419591339e+00  3.250613097376e+00  9.700254709604e-01  2.338993438315e-01
 9.850000000000e+01  9.000031623446e+00  3.162344632440e-05  2.851399864576e-03  9.751293539536e+00  1.378786562055e-02  1.355762144336e-02  1.171796828953e-01  1.062271395283e+00  3.223088419054e+00  9.697714195022e-01  2.349185948445e-01
 9.900000000000e+01  9.000031887077e+00  3.188707719476e-05  2.875111427473e-03  9.750128889447e+00  1.390221741736e-02  1.367259253245e-02  1.177127570368e-01  1.061371962808e+00  3.196192074619e+00  9.695181214226e-01  2.359688931364e-01
 9.950000000000e+01  9.000032149774e+00  3.214977386576e-05  2.898735032052e-03  9.748934689780e+00  1.401612393823e-02  1.378722549515e-02  1.182624291366e-01  1.060715973248e+00  3.169920584921e+00  9.692656956377e-01  2.370491862828e-01
 1.000000000000e+02  9.000032411407e+00  3.241140660875e-05  2.922258209609e-03  9.747712050792e+00  1.412952812419e-02  1.390146785698e-02  1.188281652052e-01  1.060298138331e+00  3.144270291749e+00  9.690142642797e-01  2.381584210849e-01
 1.005000000000e+02  9.000032671801e+00  3.267180065899e-05  2.945666279081e-03  9.746462085278e+00  1.424237139837e-02  1.401526425354e-02  1.194094326994e-01  1.060113199500e+00  3.119237360102e+00  9.687639561454e-01  2.392955433248e-01
 1.010000000000e+02  9.000032930823e+00  3.293082288252e-05  2.968950426751e-03  9.745185910790e+00  1.435459452000e-02  1.412855632832e-02  1.200056963576e-01  1.060155927369e+00  3.094817792882e+00  9.685148977791e-01  2.404594946913e-01
 1.015000000000e+02  9.000033188356e+00  3.318835644551e-05  2.992098832560e-03  9.743884642391e+00  1.446614208340e-02  1.424128648400e-02  1.206164192826e-01  1.060421120812e+00  3.071007435719e+00  9.682672141206e-01  2.416492155263e-01
 1.020000000000e+02  9.000033444296e+00  3.344429610846e-05  3.015100420129e-03  9.742559397106e+00  1.457695958011e-02  1.435339643244e-02  1.212410619808e-01  1.060903605407e+00  3.047801981882e+00  9.680210291483e-01  2.428636433150e-01
 1.025000000000e+02  9.000033698481e+00  3.369848143854e-05  3.037939711150e-03  9.741211294752e+00  1.468698939817e-02  1.446483102877e-02  1.218790839774e-01  1.061598232729e+00  3.025196971557e+00  9.677764712575e-01  2.441017158507e-01
 1.030000000000e+02  9.000033950768e+00  3.395076790913e-05  3.060605453199e-03  9.739841460412e+00  1.479617120148e-02  1.457553328727e-02  1.225299439478e-01  1.062499877807e+00  3.003187801046e+00  9.675336691672e-01  2.453623683869e-01
 1.035000000000e+02  9.000034201009e+00  3.420100858398e-05  3.083085988158e-03  9.738451020538e+00  1.490444462052e-02  1.468544664548e-02  1.231930993837e-01  1.063603438319e+00  2.981769727912e+00  9.672927516143e-01  2.466445348426e-01
 1.040000000000e+02  9.000034449107e+00  3.444910705962e-05  3.105371654737e-03  9.737041099188e+00  1.501175454319e-02  1.479451205619e-02  1.238680062892e-01  1.064903832680e+00  2.960937880057e+00  9.670538425159e-01  2.479471462697e-01
 1.045000000000e+02  9.000034694924e+00  3.469492439638e-05  3.127448505338e-03  9.735612820954e+00  1.511804589004e-02  1.490267201950e-02  1.245541183818e-01  1.066396000056e+00  2.940687252526e+00  9.668170685378e-01  2.492691331565e-01
 1.050000000000e+02  9.000034938323e+00  3.493832337427e-05  3.149303589775e-03  9.734167312782e+00  1.522326264949e-02  1.500986879850e-02  1.252508877872e-01  1.068074899026e+00  2.921012714467e+00  9.665825565159e-01  2.506094245693e-01
 1.055000000000e+02  9.000035179140e+00  3.517913967951e-05  3.170924167822e-03  9.732705706533e+00  1.532734434205e-02  1.511604607613e-02  1.259577648894e-01  1.069935507446e+00  2.901909010319e+00  9.663504361514e-01  2.519669491256e-01
 1.060000000000e+02  9.000035417265e+00  3.541726463965e-05  3.192301046491e-03  9.731229131953e+00  1.543023420776e-02  1.522114670677e-02  1.266741991913e-01  1.071972821224e+00  2.883370773113e+00  9.661208306514e-01  2.533406338400e-01
 1.065000000000e+02  9.000035652577e+00  3.565257741537e-05  3.213422863003e-03  9.729738716598e+00  1.553187773171e-02  1.532511435235e-02  1.273996387591e-01  1.074181853601e+00  2.865392522627e+00  9.658938623526e-01  2.547294056707e-01
 1.070000000000e+02  9.000035884966e+00  3.588496623260e-05  3.234277543361e-03  9.728235584674e+00  1.563222379961e-02  1.542789288569e-02  1.281335306909e-01  1.076557634435e+00  2.847968671085e+00  9.656696506822e-01  2.561321915268e-01
 1.075000000000e+02  9.000036114268e+00  3.611426816330e-05  3.254851169790e-03  9.726720863921e+00  1.573121646774e-02  1.552942747092e-02  1.288753207926e-01  1.079095209817e+00  2.831093518177e+00  9.654483205004e-01  2.575479196122e-01
 1.080000000000e+02  9.000036340360e+00  3.634035997106e-05  3.275133686387e-03  9.725195680925e+00  1.582880079412e-02  1.562966321694e-02  1.296244541132e-01  1.081789642025e+00  2.814761264876e+00  9.652299918196e-01  2.589755182820e-01
 1.085000000000e+02  9.000036563117e+00  3.656311730941e-05  3.295115412813e-03  9.723661160687e+00  1.592492204912e-02  1.572854601480e-02  1.303803748941e-01  1.084636009048e+00  2.798966013327e+00  9.650147832830e-01  2.604139172651e-01
 1.090000000000e+02  9.000036782458e+00  3.678245776981e-05  3.314787002425e-03  9.722118418801e+00  1.601953345804e-02  1.582602240193e-02  1.311425270305e-01  1.087629404949e+00  2.783701777466e+00  9.648028045569e-01  2.618620477418e-01
 1.095000000000e+02  9.000036998247e+00  3.699824733970e-05  3.334135818442e-03  9.720568569848e+00  1.611258570955e-02  1.592204083813e-02  1.319103543081e-01  1.090764939476e+00  2.768962473259e+00  9.645941692636e-01  2.633188444435e-01
 1.100000000000e+02  9.000037210359e+00  3.721035868516e-05  3.353149938106e-03  9.719012724452e+00  1.620403046335e-02  1.601655075972e-02  1.326833006912e-01  1.094037738211e+00  2.754741928484e+00  9.643889883572e-01  2.647832450850e-01
 1.105000000000e+02  9.000037418656e+00  3.741865559311e-05  3.371819860743e-03  9.717451994342e+00  1.629381459849e-02  1.610950240200e-02  1.334608106671e-01  1.097442942712e+00  2.741033881375e+00  9.641873743602e-01  2.662541910605e-01
 1.110000000000e+02  9.000037623062e+00  3.762306220554e-05  3.390138509382e-03  9.715887479103e+00  1.638189374221e-02  1.620084639182e-02  1.342423292614e-01  1.100975711021e+00  2.727831996736e+00  9.639894281714e-01  2.677306271557e-01
 1.115000000000e+02  9.000037823488e+00  3.782348812946e-05  3.408097276008e-03  9.714320271271e+00  1.646822504160e-02  1.629053517630e-02  1.350273025031e-01  1.104631217976e+00  2.715129858962e+00  9.637952488950e-01  2.692115036886e-01
 1.120000000000e+02  9.000038019835e+00  3.801983497391e-05  3.425684831547e-03  9.712751452125e+00  1.655277056414e-02  1.637852334079e-02  1.358151777149e-01  1.108404655929e+00  2.702920977301e+00  9.636049313056e-01  2.706957773114e-01
 1.125000000000e+02  9.000038211962e+00  3.821196174280e-05  3.442890288416e-03  9.711182103961e+00  1.663548414463e-02  1.646476739574e-02  1.366054043241e-01  1.112291235396e+00  2.691198778410e+00  9.634185760865e-01  2.721824118957e-01
 1.130000000000e+02  9.000038399777e+00  3.839977705279e-05  3.459706490546e-03  9.709613298038e+00  1.671632439025e-02  1.654922439110e-02  1.373974338973e-01  1.116286185747e+00  2.679956624146e+00  9.632362748281e-01  2.736703775726e-01
 1.135000000000e+02  9.000038583209e+00  3.858320866546e-05  3.476128737432e-03  9.708046096904e+00  1.679525099710e-02  1.663185251951e-02  1.381907206380e-01  1.120384756048e+00  2.669187809852e+00  9.630581144143e-01  2.751586520995e-01
 1.140000000000e+02  9.000038762213e+00  3.876221298534e-05  3.492149973685e-03  9.706481541414e+00  1.687223644754e-02  1.671261203592e-02  1.389847213656e-01  1.124582216144e+00  2.658885574719e+00  9.628841692069e-01  2.766462221389e-01
 1.145000000000e+02  9.000038936683e+00  3.893668287678e-05  3.507760313963e-03  9.704920667806e+00  1.694724671201e-02  1.679146630826e-02  1.397788965135e-01  1.128873857743e+00  2.649043085642e+00  9.627145198599e-01  2.781320854828e-01
 1.150000000000e+02  9.000039106513e+00  3.910651268820e-05  3.522949865001e-03  9.703364499581e+00  1.702024985448e-02  1.686838072649e-02  1.405727103519e-01  1.133254995479e+00  2.639653450300e+00  9.625492429184e-01  2.796152505652e-01
 1.155000000000e+02  9.000039271614e+00  3.927161443137e-05  3.537714894369e-03  9.701814056556e+00  1.709120712576e-02  1.694332141103e-02  1.413656318661e-01  1.137720968387e+00  2.630709715823e+00  9.623884148315e-01  2.810947363187e-01
 1.160000000000e+02  9.000039431970e+00  3.943197027802e-05  3.552052827732e-03  9.700270331721e+00  1.716009542410e-02  1.701625579665e-02  1.421571344531e-01  1.142267141187e+00  2.622204889443e+00  9.622320938583e-01  2.825695728555e-01
 1.165000000000e+02  9.000039587552e+00  3.958755223764e-05  3.565960218082e-03  9.698734302895e+00  1.722689330101e-02  1.708715388072e-02  1.429466967620e-01  1.146888905685e+00  2.614131926233e+00  9.620803349250e-01  2.840388038044e-01
 1.170000000000e+02  9.000039738285e+00  3.973828541070e-05  3.579426735911e-03  9.697206926409e+00  1.729158508211e-02  1.715598983383e-02  1.437338029450e-01  1.151581682398e+00  2.606483731319e+00  9.619331899398e-01  2.855014885093e-01
 1.175000000000e+02  9.000039884062e+00  3.988406192989e-05  3.592445906742e-03  9.695689157841e+00  1.735414093236e-02  1.722273963361e-02  1.445179439065e-01  1.156340922174e+00  2.599253151153e+00  9.617907193424e-01  2.869567012279e-01
 1.180000000000e+02  9.000040024831e+00  4.002483062400e-05  3.605014993233e-03  9.694181930735e+00  1.741453859695e-02  1.728738039109e-02  1.452986171599e-01  1.161162107847e+00  2.592432997180e+00  9.616529710652e-01  2.884035306686e-01
 1.185000000000e+02  9.000040160610e+00  4.016061021804e-05  3.617137980395e-03  9.692686159587e+00  1.747276016607e-02  1.734988965544e-02  1.460753274631e-01  1.166040756043e+00  2.586016047623e+00  9.615199814649e-01  2.898410802480e-01
 1.190000000000e+02  9.000040291417e+00  4.029141689219e-05  3.628810911163e-03  9.691202721271e+00  1.752880670527e-02  1.741024928996e-02  1.468475866105e-01  1.170972419075e+00  2.579995053721e+00  9.613917715538e-01  2.912684720250e-01
 1.195000000000e+02  9.000040417183e+00  4.041718284307e-05  3.640027318480e-03  9.689732485568e+00  1.758266650559e-02  1.746844490575e-02  1.476149149531e-01  1.175952686784e+00  2.574362715591e+00  9.612683739644e-01  2.926848479275e-01
 1.200000000000e+02  9.000040537812e+00  4.053781157543e-05  3.650778444658e-03  9.688276302231e+00  1.763432804614e-02  1.752446540242e-02  1.483768415022e-01  1.180977188458e+00  2.569111697715e+00  9.611498201723e-01  2.940893697241e-01
