              time               Lfree               Rfree                  LR               Sfree                 LRS                LRSp               pSTAT
 0.000000000000e+00  1.000000000000e+01  1.000000000000e+00  0.000000000000e+00  1.000000000000e+01  0.000000000000e+00  0.000000000000e+00  0.000000000000e+00
 1.000000000000e-01  9.383243634386e+00  3.832436343862e-01  3.680074986108e-01  9.751251140332e+00  2.391186252916e-01  9.630234375834e-03  9.630234375834e-03
 2.000000000000e-01  9.154174778828e+00  1.541747788283e-01  3.035461359425e-01  9.457720954219e+00  4.948815398260e-01  4.739750595227e-02  4.739750595227e-02
 3.000000000000e-01  9.063679663293e+00  6.367966329304e-02  2.114557477724e-01  9.275135450597e+00  6.207168546329e-01  1.041476947678e-01  1.041476947678e-01
 4.000000000000e-01  9.026918952383e+00  2.691895238304e-02  1.488026206119e-01  9.175721612527e+00  6.557547516672e-01  1.685236358036e-01  1.685236358036e-01
 5.000000000000e-01  9.011753456354e+00  1.175345635431e-02  1.115926549607e-01  9.123346150847e+00  6.429301449708e-01  2.337237041800e-01  2.337237041800e-01
 6.000000000000e-01  9.005421665657e+00  5.421665657178e-03  8.975296151273e-02  9.095174666702e+00  6.084245435255e-01  2.964007897703e-01  2.964007897703e-01
 7.000000000000e-01  9.002740788664e+00  2.740788664450e-03  7.621911982097e-02  9.078959948017e+00  5.658914139622e-01  3.551486380181e-01  3.551486380181e-01
 8.000000000000e-01  9.001580151249e+00  1.580151248516e-03  6.701361203078e-02  9.068593802811e+00  5.218728068351e-01  4.095333903513e-01  4.095333903513e-01
 9.000000000000e-01  9.001057122832e+00  1.057122832314e-03  6.009148163388e-02  9.061148643998e+00  4.792788379290e-01  4.595725180705e-01  4.595725180705e-01
 1.000000000000e+00  9.000804078521e+00  8.040785213303e-04  5.444640343582e-02  9.055250521489e+00  4.392732072677e-01  5.054762712409e-01  5.054762712409e-01
 1.100000000000e+00  9.000667158914e+00  6.671589144113e-04  4.959028490628e-02  9.050257483352e+00  4.022166881180e-01  5.475258285271e-01  5.475258285271e-01
 1.200000000000e+00  9.000581650414e+00  5.816504137690e-04  4.528303302667e-02  9.045864722972e+00  3.681169562989e-01  5.860183207264e-01  5.860183207264e-01
 1.300000000000e+00  9.000520142932e+00  5.201429322349e-04  4.140052306048e-02  9.041920705524e+00  3.368360567018e-01  6.212432377712e-01  6.212432377712e-01
 1.400000000000e+00  9.000470909558e+00  4.709095583306e-04  3.787252223592e-02  9.038343471326e+00  3.081833770158e-01  6.534731516557e-01  6.534731516557e-01
 1.500000000000e+00  9.000428825465e+00  4.288254646968e-04  3.465408413495e-02  9.035082949131e+00  2.819562900451e-01  6.829607608210e-01  6.829607608210e-01
 1.600000000000e+00  9.000391560370e+00  3.915603703741e-04  3.171258517350e-02  9.032104185075e+00  2.579571515823e-01  7.099386633396e-01  7.099386633396e-01
 1.700000000000e+00  9.000357977161e+00  3.579771612132e-04  2.902187782550e-02  9.029379894518e+00  2.359998663611e-01  7.346202391180e-01  7.346202391180e-01
 1.800000000000e+00  9.000327461435e+00  3.274614345154e-04  2.655964979763e-02  9.026887150764e+00  2.159119159616e-01  7.572009332720e-01  7.572009332720e-01
 1.900000000000e+00  9.000299620265e+00  2.996202654428e-04  2.430612757688e-02  9.024605787374e+00  1.975345838836e-01  7.778596287399e-01  7.778596287399e-01
 2.000000000000e+00  9.000274172241e+00  2.741722414753e-04  2.224350376878e-02  9.022517715542e+00  1.807222820937e-01  7.967600023617e-01  7.967600023617e-01
 2.100000000000e+00  9.000250896484e+00  2.508964839208e-04  2.035560847701e-02  9.020606544493e+00  1.653416627445e-01  8.140517927603e-01  8.140517927603e-01
 2.200000000000e+00  9.000229598744e+00  2.295987436962e-04  1.862765982384e-02  9.018857298099e+00  1.512707248962e-01  8.298719770020e-01  8.298719770020e-01
 2.300000000000e+00  9.000210107692e+00  2.101076922010e-04  1.704614087120e-02  9.017256288095e+00  1.383978518847e-01  8.443458600176e-01  8.443458600176e-01
 2.400000000000e+00  9.000192269703e+00  1.922697029187e-04  1.559868095691e-02  9.015790990191e+00  1.266209423287e-01  8.575880674772e-01  8.575880674772e-01
 2.500000000000e+00  9.000175944251e+00  1.759442514680e-04  1.427394901695e-02  9.014449932800e+00  1.158466137566e-01  8.697034534407e-01  8.697034534407e-01
 2.600000000000e+00  9.000161003081e+00  1.610030810224e-04  1.306156793153e-02  9.013222610544e+00  1.059894524188e-01  8.807879370344e-01  8.807879370344e-01
 2.700000000000e+00  9.000147328775e+00  1.473287753234e-04  1.195203244774e-02  9.012099400755e+00  9.697132443288e-02  8.909292748098e-01  8.909292748098e-01
 2.800000000000e+00  9.000134814127e+00  1.348141267696e-04  1.093663821529e-02  9.011071491874e+00  8.872075725377e-02  9.002077508699e-01  9.002077508699e-01
 2.900000000000e+00  9.000123361246e+00  1.233612462178e-04  1.000741584473e-02  9.010130816623e+00  8.117237795975e-02  9.086968054151e-01  9.086968054151e-01
 3.000000000000e+00  9.000112880393e+00  1.128803932678e-04  9.157067979366e-03  9.009269987904e+00  7.426639249945e-02  9.164636195937e-01  9.164636195937e-01
 3.100000000000e+00  9.000103289166e+00  1.032891664020e-04  8.378911955455e-03  9.008482240653e+00  6.794810433060e-02  9.235696550133e-01  9.235696550133e-01
 3.200000000000e+00  9.000094512097e+00  9.451209671852e-05  7.666828876974e-03  9.007761380505e+00  6.216747642237e-02  9.300711430697e-01  9.300711430697e-01
 3.300000000000e+00  9.000086480207e+00  8.648020671372e-05  7.015217130307e-03  9.007101736869e+00  5.687873473711e-02  9.360195283916e-01  9.360195283916e-01
 3.400000000000e+00  9.000079130386e+00  7.913038560357e-05  6.418948879585e-03  9.006498118797e+00  5.204000627159e-02  9.414618749290e-01  9.414618749290e-01
 3.500000000000e+00  9.000072404798e+00  7.240479848484e-05  5.873329822749e-03  9.005945774153e+00  4.761298619288e-02  9.464412396516e-01  9.464412396516e-01
 3.600000000000e+00  9.000066250466e+00  6.625046611485e-05  5.374062669151e-03  9.005440352667e+00  4.356263236565e-02  9.509970149648e-01  9.509970149648e-01
 3.700000000000e+00  9.000060618918e+00  6.061891822739e-05  4.917213925518e-03  9.004977872375e+00  3.985688662976e-02  9.551652409922e-01  9.551652409922e-01
 3.800000000000e+00  9.000055465814e+00  5.546581403943e-05  4.499183304773e-03  9.004554688650e+00  3.646642076680e-02  9.589788905801e-01  9.589788905801e-01
 3.900000000000e+00  9.000050750558e+00  5.075055776121e-05  4.116675515292e-03  9.004167465605e+00  3.336440415966e-02  9.624681302330e-01  9.624681302330e-01
 4.000000000000e+00  9.000046435974e+00  4.643597401359e-05  3.766674458549e-03  9.003813149964e+00  3.052629081130e-02  9.656605592219e-01  9.656605592219e-01
 4.100000000000e+00  9.000042488039e+00  4.248803852091e-05  3.446419697551e-03  9.003488947268e+00  2.792962438187e-02  9.685814283478e-01  9.685814283478e-01
 4.200000000000e+00  9.000038875622e+00  3.887562170991e-05  3.153384894579e-03  9.003192300048e+00  2.555386008664e-02  9.712538398628e-01  9.712538398628e-01
 4.300000000000e+00  9.000035570235e+00  3.557023506584e-05  2.885257997326e-03  9.002920867764e+00  2.338020196825e-02  9.736989302651e-01  9.736989302651e-01
 4.400000000000e+00  9.000032545800e+00  3.254580007069e-05  2.639923081909e-03  9.002672508414e+00  2.139145399234e-02  9.759360375914e-01  9.759360375914e-01
 4.500000000000e+00  9.000029778448e+00  2.977844788914e-05  2.415443759211e-03  9.002445261739e+00  1.957188372634e-02  9.779828545323e-01  9.779828545323e-01
 4.600000000000e+00  9.000027246338e+00  2.724633781185e-05  2.210047991874e-03  9.002237333861e+00  1.790709763913e-02  9.798555684969e-01  9.798555684969e-01
 4.700000000000e+00  9.000024929485e+00  2.492948476515e-05  2.022114173367e-03  9.002047083190e+00  1.638392709825e-02  9.815689897094e-01  9.815689897094e-01
 4.800000000000e+00  9.000022809599e+00  2.280959877111e-05  1.850158370384e-03  9.001873007501e+00  1.499032410884e-02  9.831366683878e-01  9.831366683878e-01
 4.900000000000e+00  9.000020869941e+00  2.086994100889e-05  1.692822650974e-03  9.001713732124e+00  1.371526590943e-02  9.845710019643e-01  9.845710019643e-01
 5.000000000000e+00  9.000019095194e+00  1.909519427916e-05  1.548864407560e-03  9.001567999133e+00  1.254866767532e-02  9.858833331886e-01  9.858833331886e-01
 5.100000000000e+00  9.000017471343e+00  1.747134313974e-05  1.417146579380e-03  9.001434657454e+00  1.148130266937e-02  9.870840398739e-01  9.870840398739e-01
 5.200000000000e+00  9.000015985563e+00  1.598556253825e-05  1.296628695945e-03  9.001312653790e+00  1.050472921021e-02  9.881826169971e-01  9.881826169971e-01
 5.300000000000e+00  9.000014626116e+00  1.462611622194e-05  1.186358678971e-03  9.001201024327e+00  9.611223860271e-03  9.891877518103e-01  9.891877518103e-01
 5.400000000000e+00  9.000013382265e+00  1.338226479396e-05  1.085465342155e-03  9.001098887139e+00  8.793720295021e-03  9.901073925638e-01  9.901073925638e-01
 5.500000000000e+00  9.000012244182e+00  1.224418159351e-05  9.931515267361e-04  9.001005435240e+00  8.045753376107e-03  9.909488113813e-01  9.909488113813e-01
 5.600000000000e+00  9.000011202875e+00  1.120287508836e-05  9.086878164760e-04  9.000919930223e+00  7.361407990865e-03  9.917186617833e-01  9.917186617833e-01
 5.700000000000e+00  9.000010250119e+00  1.025011927923e-05  8.314069131071e-04  9.000841696564e+00  6.735273302134e-03  9.924230301312e-01  9.924230301312e-01
 5.800000000000e+00  9.000009378386e+00  9.378385721014e-06  7.606981232602e-04  9.000770116041e+00  6.162397896122e-03  9.930674860607e-01  9.930674860607e-01
 5.900000000000e+00  9.000008580789e+00  8.580788719663e-06  6.960028911019e-04  9.000704623211e+00  5.638253437318e-03  9.936571233486e-01  9.936571233486e-01
 6.000000000000e+00  9.000007851020e+00  7.851020480588e-06  6.368095493540e-04  9.000644700101e+00  5.158692029184e-03  9.941966078667e-01  9.941966078667e-01
 6.100000000000e+00  9.000007183311e+00  7.183311239678e-06  5.826500583343e-04  9.000589872901e+00  4.719919763561e-03  9.946902073326e-01  9.946902073326e-01
 6.200000000000e+00  9.000006572386e+00  6.572385671822e-06  5.330965040115e-04  9.000539708421e+00  4.318468115050e-03  9.951418234610e-01  9.951418234610e-01
 6.300000000000e+00  9.000006013413e+00  6.013412612730e-06  4.877569979742e-04  9.000493809942e+00  3.951160760402e-03  9.955550292948e-01  9.955550292948e-01
 6.400000000000e+00  9.000005501976e+00  5.501975789212e-06  4.462733117027e-04  9.000451814819e+00  3.615094371081e-03  9.959330908072e-01  9.959330908072e-01
 6.500000000000e+00  9.000005034035e+00  5.034034757628e-06  4.083177011702e-04  9.000413391268e+00  3.307612851065e-03  9.962789958788e-01  9.962789958788e-01
 6.600000000000e+00  9.000004605891e+00  4.605890765941e-06  3.735901421710e-04  9.000378235565e+00  3.026284849725e-03  9.965954795831e-01  9.965954795831e-01
 6.700000000000e+00  9.000004214159e+00  4.214158731283e-06  3.418160549966e-04  9.000346069745e+00  2.768885297856e-03  9.968850449542e-01  9.968850449542e-01
 6.800000000000e+00  9.000003855743e+00  3.855743074169e-06  3.127443455025e-04  9.000316639620e+00  2.533379487387e-03  9.971499808898e-01  9.971499808898e-01
 6.900000000000e+00  9.000003527810e+00  3.527809556794e-06  2.861451179115e-04  9.000289712459e+00  2.317904545622e-03  9.973923829927e-01  9.973923829927e-01
 7.000000000000e+00  9.000003227765e+00  3.227765404393e-06  2.618080622207e-04  9.000265075359e+00  2.120756353328e-03  9.976141682848e-01  9.976141682848e-01
 7.100000000000e+00  9.000002953240e+00  2.953239700890e-06  2.395408635338e-04  9.000242533635e+00  1.940376676892e-03  9.978170896856e-01  9.978170896856e-01
 7.200000000000e+00  9.000002702062e+00  2.702062303927e-06  2.191674934962e-04  9.000221909087e+00  1.775339277148e-03  9.980027516328e-01  9.980027516328e-01
 7.300000000000e+00  9.000002472247e+00  2.472247142433e-06  2.005268555023e-04  9.000203038634e+00  1.624338938054e-03  9.981726224251e-01  9.981726224251e-01
 7.400000000000e+00  9.000002261978e+00  2.261977978108e-06  1.834716303858e-04  9.000185773140e+00  1.486182075985e-03  9.983280447814e-01  9.983280447814e-01
 7.500000000000e+00  9.000002069593e+00  2.069592533744e-06  1.678669868764e-04  9.000169976111e+00  1.359776307687e-03  9.984702475787e-01  9.984702475787e-01
 7.600000000000e+00  9.000001893569e+00  1.893569146096e-06  1.535894993224e-04  9.000155522600e+00  1.244121663146e-03  9.986003557341e-01  9.986003557341e-01
 7.700000000000e+00  9.000001732517e+00  1.732516694657e-06  1.405263294696e-04  9.000142298378e+00  1.138303978479e-03  9.987193976411e-01  9.987193976411e-01
 7.800000000000e+00  9.000001585162e+00  1.585162128834e-06  1.285742167824e-04  9.000130198910e+00  1.041486694685e-03  9.988283143922e-01  9.988283143922e-01
 7.900000000000e+00  9.000001450340e+00  1.450339958056e-06  1.176386251094e-04  9.000119128497e+00  9.529039502989e-04  9.989279675504e-01  9.989279675504e-01
 8.000000000000e+00  9.000001326985e+00  1.326984612142e-06  1.076331245843e-04  9.000108999641e+00  8.718555576861e-04  9.990191447989e-01  9.990191447989e-01
 8.100000000000e+00  9.000001214121e+00  1.214121154721e-06  9.847863639278e-05  9.000099732289e+00  7.977008892060e-04  9.991025668190e-01  9.991025668190e-01
 8.200000000000e+00  9.000001110857e+00  1.110856686404e-06  9.010273637117e-05  9.000091253125e+00  7.298532288236e-04  9.991788936439e-01  9.991788936439e-01
 8.300000000000e+00  9.000001016375e+00  1.016375043355e-06  8.243922344103e-05  9.000083495130e+00  6.677762828192e-04  9.992487285845e-01  9.992487285845e-01
 8.400000000000e+00  9.000000929929e+00  9.299294851628e-07  7.542752802279e-05  9.000076396989e+00  6.109793829820e-04  9.993126236253e-01  9.993126236253e-01
 8.500000000000e+00  9.000000850836e+00  8.508361204761e-07  6.901217802089e-05  9.000069902546e+00  5.590131604911e-04  9.993710842911e-01  9.993710842911e-01
 8.600000000000e+00  9.000000778470e+00  7.784698579986e-07  6.314247157808e-05  9.000063960473e+00  5.114668920211e-04  9.994245726323e-01  9.994245726323e-01
 8.700000000000e+00  9.000000712260e+00  7.122601220559e-07  5.777212823221e-05  9.000058523920e+00  4.679656712480e-04  9.994735104062e-01  9.994735104062e-01
 8.800000000000e+00  9.000000651682e+00  6.516818719477e-07  5.285856199372e-05  9.000053549775e+00  4.281645217359e-04  9.995182857002e-01  9.995182857002e-01
 8.900000000000e+00  9.000000596258e+00  5.962583426342e-07  4.836310129285e-05  9.000048998891e+00  3.917501811129e-04  9.995592509250e-01  9.995592509250e-01
 9.000000000000e+00  9.000000545550e+00  5.455497400697e-07  4.425007380069e-05  9.000044835155e+00  3.584336840728e-04  9.995967311581e-01  9.995967311581e-01
 9.100000000000e+00  9.000000499154e+00  4.991535785127e-07  4.048683358445e-05  9.000041025519e+00  3.279505808306e-04  9.996310238978e-01  9.996310238978e-01
 9.200000000000e+00  9.000000456705e+00  4.567053168404e-07  3.704381187588e-05  9.000037540049e+00  3.000613488629e-04  9.996623985997e-01  9.996623985997e-01
 9.300000000000e+00  9.000000417865e+00  4.178645433170e-07  3.389339758914e-05  9.000034350794e+00  2.745423247936e-04  9.996911068788e-01  9.996911068788e-01
 9.400000000000e+00  9.000000382328e+00  3.823283988060e-07  3.101102532200e-05  9.000031432885e+00  2.511945179635e-04  9.997173725941e-01  9.997173725941e-01
 9.500000000000e+00  9.000000349812e+00  3.498121365684e-07  2.837359892372e-05  9.000028762943e+00  2.298308379320e-04  9.997414062168e-01  9.997414062168e-01
 9.600000000000e+00  9.000000320062e+00  3.200617295463e-07  2.596051392330e-05  9.000026320107e+00  2.102843817350e-04  9.997633955084e-01  9.997633955084e-01
 9.700000000000e+00  9.000000292841e+00  2.928405699537e-07  2.375257879926e-05  9.000024084951e+00  1.923996899435e-04  9.997835153564e-01  9.997835153564e-01
 9.800000000000e+00  9.000000267935e+00  2.679346093728e-07  2.173243183556e-05  9.000022039898e+00  1.760361268573e-04  9.998019239725e-01  9.998019239725e-01
 9.900000000000e+00  9.000000245147e+00  2.451469866175e-07  1.988410542043e-05  9.000020168784e+00  1.610643499760e-04  9.998187668634e-01  9.998187668634e-01
 1.000000000000e+01  9.000000224297e+00  2.242974653278e-07  1.819298040683e-05  9.000018456809e+00  1.473659397560e-04  9.998341772481e-01  9.998341772481e-01
 1.010000000000e+01  9.000000205222e+00  2.052218715522e-07  1.664574047033e-05  9.000016890494e+00  1.348330297241e-04  9.998482764737e-01  9.998482764737e-01
 1.020000000000e+01  9.000000187768e+00  1.877681320754e-07  1.523005080594e-05  9.000015457351e+00  1.233657044491e-04  9.998611769424e-01  9.998611769424e-01
 1.030000000000e+01  9.000000171800e+00  1.717996234987e-07  1.393482972979e-05  9.000014146161e+00  1.128741991874e-04  9.998729796372e-01  9.998729796372e-01
 1.040000000000e+01  9.000000157188e+00  1.571884009768e-07  1.274969947867e-05  9.000012946419e+00  1.032744507323e-04  9.998837791271e-01  9.998837791271e-01
 1.050000000000e+01  9.000000143820e+00  1.438203454354e-07  1.166540373799e-05  9.000011848756e+00  9.449148106941e-05  9.998936597606e-01  9.998936597606e-01
 1.060000000000e+01  9.000000131589e+00  1.315887173317e-07  1.067328471532e-05  9.000010844405e+00  8.645515966003e-05  9.999027004327e-01  9.999027004327e-01
 1.070000000000e+01  9.000000120397e+00  1.203973352638e-07  9.765541044426e-06  9.000009925470e+00  7.910229373580e-05  9.999109722336e-01  9.999109722336e-01
 1.080000000000e+01  9.000000110158e+00  1.101577104655e-07  8.934995319287e-06  9.000009084685e+00  7.237474489789e-05  9.999185405678e-01  9.999185405678e-01
 1.090000000000e+01  9.000000100789e+00  1.007888217232e-07  8.175075832407e-06  9.000008315396e+00  6.621928097416e-05  9.999254653201e-01  9.999254653201e-01
 1.100000000000e+01  9.000000092217e+00  9.221694349783e-08  7.479802644255e-06  9.000007611551e+00  6.058746311763e-05  9.999318009830e-01  9.999318009830e-01
 1.110000000000e+01  9.000000084374e+00  8.437392331208e-08  6.843647862108e-06  9.000006967553e+00  5.543451434396e-05  9.999375979296e-01  9.999375979296e-01
 1.120000000000e+01  9.000000077198e+00  7.719826517776e-08  6.261623466261e-06  9.000006378353e+00  5.072003064003e-05  9.999429016134e-01  9.999429016134e-01
 1.130000000000e+01  9.000000070633e+00  7.063262731720e-08  5.729078412523e-06  9.000005839243e+00  4.640633747873e-05  9.999477544172e-01  9.999477544172e-01
 1.140000000000e+01  9.000000064626e+00  6.462568665765e-08  5.241849830281e-06  9.000005346007e+00  4.245971497185e-05  9.999521942753e-01  9.999521942753e-01
 1.150000000000e+01  9.000000059129e+00  5.912943417519e-08  4.796043637698e-06  9.000004894705e+00  3.884862022602e-05  9.999562566725e-01  9.999562566725e-01
 1.160000000000e+01  9.000000054101e+00  5.410066593474e-08  4.388155525952e-06  9.000004481788e+00  3.554466775370e-05  9.999599735418e-01  9.999599735418e-01
 1.170000000000e+01  9.000000049500e+00  4.949956060468e-08  4.014955548635e-06  9.000004103987e+00  3.252169449674e-05  9.999633743161e-01  9.999633743161e-01
 1.180000000000e+01  9.000000045290e+00  4.528995220886e-08  3.673510244404e-06  9.000003758332e+00  2.975593889944e-05  9.999664857267e-01  9.999664857267e-01
 1.190000000000e+01  9.000000041439e+00  4.143901306818e-08  3.361156932054e-06  9.000003442128e+00  2.722583274487e-05  9.999693320371e-01  9.999693320371e-01
 1.200000000000e+01  9.000000037916e+00  3.791573582933e-08  3.075380592724e-06  9.000003152828e+00  2.491100409541e-05  9.999719361653e-01  9.999719361653e-01
 1.210000000000e+01  9.000000034692e+00  3.469181326865e-08  2.813885216874e-06  9.000002888109e+00  2.279285498728e-05  9.999743190337e-01  9.999743190337e-01
 1.220000000000e+01  9.000000031744e+00  3.174388273532e-08  2.574775794271e-06  9.000002646051e+00  2.085603525135e-05  9.999764979108e-01  9.999764979108e-01
 1.230000000000e+01  9.000000029047e+00  2.904693347855e-08  2.356023710557e-06  9.000002424602e+00  1.908411296683e-05  9.999784912821e-01  9.999784912821e-01
 1.240000000000e+01  9.000000026578e+00  2.657829549832e-08  2.155790193156e-06  9.000002221900e+00  1.746219385041e-05  9.999803159034e-01  9.999803159034e-01
 1.250000000000e+01  9.000000024321e+00  2.432059237655e-08  1.972665803974e-06  9.000002036518e+00  1.597886109474e-05  9.999819846183e-01  9.999819846183e-01
 1.260000000000e+01  9.000000022256e+00  2.225555066408e-08  1.805168363962e-06  9.000001866955e+00  1.462210879609e-05  9.999835109330e-01  9.999835109330e-01
 1.270000000000e+01  9.000000020365e+00  2.036528440730e-08  1.651847128678e-06  9.000001711744e+00  1.338018570851e-05  9.999849080676e-01  9.999849080676e-01
 1.280000000000e+01  9.000000018635e+00  1.863477152085e-08  1.511483638664e-06  9.000001569650e+00  1.224322213533e-05  9.999861871252e-01  9.999861871252e-01
 1.290000000000e+01  9.000000017052e+00  1.705221626773e-08  1.383121126675e-06  9.000001439705e+00  1.120346820337e-05  9.999873568242e-01  9.999873568242e-01
 1.300000000000e+01  9.000000015604e+00  1.560369618514e-08  1.265630320823e-06  9.000001320766e+00  1.025177664313e-05  9.999884274551e-01  9.999884274551e-01
 1.310000000000e+01  9.000000014277e+00  1.427730074180e-08  1.158045138172e-06  9.000001211854e+00  9.380322092976e-06  9.999894078212e-01  9.999894078212e-01
 1.320000000000e+01  9.000000013064e+00  1.306397718570e-08  1.059631325603e-06  9.000001112227e+00  8.583156855364e-06  9.999903046136e-01  9.999903046136e-01
 1.330000000000e+01  9.000000011954e+00  1.195356184205e-08  9.695644933527e-07  9.000001021050e+00  7.853603300716e-06  9.999911253444e-01  9.999911253444e-01
 1.340000000000e+01  9.000000010937e+00  1.093726046266e-08  8.871313408451e-07  9.000000937600e+00  7.185883566514e-06  9.999918765136e-01  9.999918765136e-01
 1.350000000000e+01  9.000000010007e+00  1.000729056427e-08  8.117006187558e-07  9.000000861239e+00  6.574884462515e-06  9.999925638734e-01  9.999925638734e-01
 1.360000000000e+01  9.000000009157e+00  9.156531280498e-09  7.426947402823e-07  9.000000791383e+00  6.015927479284e-06  9.999931926870e-01  9.999931926870e-01
 1.370000000000e+01  9.000000008378e+00  8.378081835092e-09  6.795539850672e-07  9.000000727464e+00  5.504478782065e-06  9.999937680549e-01  9.999937680549e-01
 1.380000000000e+01  9.000000007666e+00  7.665729634815e-09  6.217744442297e-07  9.000000668972e+00  5.036456641236e-06  9.999942945689e-01  9.999942945689e-01
 1.390000000000e+01  9.000000007014e+00  7.014336222059e-09  5.689393272728e-07  9.000000615485e+00  4.608485015502e-06  9.999947760271e-01  9.999947760271e-01
 1.400000000000e+01  9.000000006418e+00  6.418375477245e-09  5.206004036767e-07  9.000000566550e+00  4.216933183399e-06  9.999952165138e-01  9.999952165138e-01
 1.410000000000e+01  9.000000005873e+00  5.872859847354e-09  4.763531228231e-07  9.000000521758e+00  3.858524247006e-06  9.999956197155e-01  9.999956197155e-01
 1.420000000000e+01  9.000000005374e+00  5.373942246023e-09  4.358854518623e-07  9.000000480791e+00  3.530730671342e-06  9.999959884757e-01  9.999959884757e-01
 1.430000000000e+01  9.000000004918e+00  4.917559468637e-09  3.988678199042e-07  9.000000443317e+00  3.230882885228e-06  9.999963257975e-01  9.999963257975e-01
 1.440000000000e+01  9.000000004500e+00  4.499809746780e-09  3.649837492414e-07  9.000000409015e+00  2.956417374728e-06  9.999966345648e-01  9.999966345648e-01
 1.450000000000e+01  9.000000004117e+00  4.117391180495e-09  3.339654203128e-07  9.000000377614e+00  2.705164760212e-06  9.999969172182e-01  9.999969172182e-01
 1.460000000000e+01  9.000000003768e+00  3.767620885129e-09  3.055952226650e-07  9.000000348894e+00  2.475362369800e-06  9.999971757405e-01  9.999971757405e-01
 1.470000000000e+01  9.000000003447e+00  3.447486399470e-09  2.796288151509e-07  9.000000322608e+00  2.265030990037e-06  9.999974123585e-01  9.999974123585e-01
 1.480000000000e+01  9.000000003154e+00  3.154392099305e-09  2.558556671225e-07  9.000000298542e+00  2.072465280243e-06  9.999976289904e-01  9.999976289904e-01
 1.490000000000e+01  9.000000002886e+00  2.886260663662e-09  2.341072783644e-07  9.000000276525e+00  1.896300397508e-06  9.999978271718e-01  9.999978271718e-01
 1.500000000000e+01  9.000000002641e+00  2.640886067714e-09  2.142047188478e-07  9.000000256377e+00  1.735086973161e-06  9.999980085332e-01  9.999980085332e-01
 1.510000000000e+01  9.000000002416e+00  2.416329602668e-09  1.959907371354e-07  9.000000237939e+00  1.587551256307e-06  9.999981745074e-01  9.999981745074e-01
 1.520000000000e+01  9.000000002211e+00  2.210961476550e-09  1.793331411861e-07  9.000000221076e+00  1.452622461270e-06  9.999983262992e-01  9.999983262992e-01
 1.530000000000e+01  9.000000002023e+00  2.023251498204e-09  1.641078165478e-07  9.000000205663e+00  1.329295239509e-06  9.999984650394e-01  9.999984650394e-01
 1.540000000000e+01  9.000000001852e+00  1.851646881425e-09  1.501888127818e-07  9.000000191572e+00  1.216549392786e-06  9.999985918759e-01  9.999985918759e-01
 1.550000000000e+01  9.000000001695e+00  1.694725820256e-09  1.374608037568e-07  9.000000178687e+00  1.113450778489e-06  9.999987078594e-01  9.999987078594e-01
 1.560000000000e+01  9.000000001551e+00  1.551110736506e-09  1.258120496670e-07  9.000000166895e+00  1.019094310461e-06  9.999988140083e-01  9.999988140083e-01
 1.570000000000e+01  9.000000001419e+00  1.419440582184e-09  1.151321502935e-07  9.000000156083e+00  9.325857611426e-07  9.999989113284e-01  9.999989113284e-01
 1.580000000000e+01  9.000000001300e+00  1.299988694989e-09  1.054432991205e-07  9.000000146275e+00  8.541047556691e-07  9.999989996177e-01  9.999989996177e-01
 1.590000000000e+01  9.000000001191e+00  1.191037023233e-09  9.660613083423e-08  9.000000137329e+00  7.825224980635e-07  9.999990801461e-01  9.999990801461e-01
 1.600000000000e+01  9.000000001092e+00  1.091517944607e-09  8.853404779613e-08  9.000000129157e+00  7.171375487685e-07  9.999991537026e-01  9.999991537026e-01
 1.610000000000e+01  9.000000001000e+00  1.000383276048e-09  8.114202922929e-08  9.000000121674e+00  6.572612402672e-07  9.999992210621e-01  9.999992210621e-01
 1.620000000000e+01  9.000000000917e+00  9.165394382183e-10  7.434137154314e-08  9.000000114789e+00  6.021750781661e-07  9.999992830328e-01  9.999992830328e-01
 1.630000000000e+01  9.000000000840e+00  8.395394573443e-10  6.809582241475e-08  9.000000108467e+00  5.515853953219e-07  9.999993399450e-01  9.999993399450e-01
 1.640000000000e+01  9.000000000770e+00  7.703332458057e-10  6.248244234332e-08  9.000000102784e+00  5.061162958739e-07  9.999993910967e-01  9.999993910967e-01
 1.650000000000e+01  9.000000000707e+00  7.070885326115e-10  5.735260576917e-08  9.000000097591e+00  4.645639520293e-07  9.999994378421e-01  9.999994378421e-01
 1.660000000000e+01  9.000000000649e+00  6.491088424081e-10  5.264982089600e-08  9.000000092831e+00  4.264707672222e-07  9.999994806961e-01  9.999994806961e-01
 1.670000000000e+01  9.000000000596e+00  5.956733172752e-10  4.831561810121e-08  9.000000088443e+00  3.913631238270e-07  9.999995201913e-01  9.999995201913e-01
 1.680000000000e+01  9.000000000546e+00  5.460227524242e-10  4.428841725403e-08  9.000000084366e+00  3.587422083385e-07  9.999995568891e-01  9.999995568891e-01
 1.690000000000e+01  9.000000000501e+00  5.007165726724e-10  4.061359363908e-08  9.000000080646e+00  3.289755995496e-07  9.999995903758e-01  9.999995903758e-01
 1.700000000000e+01  9.000000000460e+00  4.596561659096e-10  3.728314820700e-08  9.000000077274e+00  3.019985197552e-07  9.999996207244e-01  9.999996207244e-01
 1.710000000000e+01  9.000000000422e+00  4.219167052594e-10  3.422206645282e-08  9.000000074176e+00  2.772033354618e-07  9.999996486184e-01  9.999996486184e-01
 1.720000000000e+01  9.000000000387e+00  3.871401697990e-10  3.140130793019e-08  9.000000071320e+00  2.543548280785e-07  9.999996743225e-01  9.999996743225e-01
 1.730000000000e+01  9.000000000355e+00  3.549775181686e-10  2.879256028117e-08  9.000000068679e+00  2.332236799218e-07  9.999996980945e-01  9.999996980945e-01
 1.740000000000e+01  9.000000000325e+00  3.250831126302e-10  2.636778694397e-08  9.000000066224e+00  2.135828108841e-07  9.999997201901e-01  9.999997201901e-01
 1.750000000000e+01  9.000000000298e+00  2.978939021416e-10  2.416244041451e-08  9.000000063992e+00  1.957192584970e-07  9.999997402862e-01  9.999997402862e-01
 1.760000000000e+01  9.000000000273e+00  2.728852461733e-10  2.213396162605e-08  9.000000061938e+00  1.792883501222e-07  9.999997587706e-01  9.999997587706e-01
 1.770000000000e+01  9.000000000250e+00  2.498775784563e-10  2.026778641034e-08  9.000000060049e+00  1.641721087274e-07  9.999997757760e-01  9.999997757760e-01
 1.780000000000e+01  9.000000000229e+00  2.287285041752e-10  1.855236617619e-08  9.000000058313e+00  1.502769774776e-07  9.999997914077e-01  9.999997914077e-01
 1.790000000000e+01  9.000000000209e+00  2.093113408521e-10  1.697742705462e-08  9.000000056718e+00  1.375197220330e-07  9.999998057593e-01  9.999998057593e-01
 1.800000000000e+01  9.000000000191e+00  1.915028586963e-10  1.553297245803e-08  9.000000055256e+00  1.258193792571e-07  9.999998189219e-01  9.999998189219e-01
 1.810000000000e+01  9.000000000175e+00  1.751705908147e-10  1.420825061092e-08  9.000000053915e+00  1.150889234756e-07  9.999998309934e-01  9.999998309934e-01
 1.820000000000e+01  9.000000000160e+00  1.602244871998e-10  1.299596189408e-08  9.000000052688e+00  1.052691836187e-07  9.999998420404e-01  9.999998420404e-01
 1.830000000000e+01  9.000000000147e+00  1.465623185350e-10  1.188781374177e-08  9.000000051566e+00  9.629299193864e-08  9.999998521384e-01  9.999998521384e-01
 1.840000000000e+01  9.000000000134e+00  1.340818712541e-10  1.087551466166e-08  9.000000050541e+00  8.809319072786e-08  9.999998613630e-01  9.999998613630e-01
 1.850000000000e+01  9.000000000123e+00  1.226780449714e-10  9.950538784489e-09  9.000000049605e+00  8.060072528641e-08  9.999998697918e-01  9.999998697918e-01
 1.860000000000e+01  9.000000000113e+00  1.125828211849e-10  9.131709503151e-09  9.000000048776e+00  7.396803026063e-08  9.999998772534e-01  9.999998772534e-01
 1.870000000000e+01  9.000000000104e+00  1.037947731273e-10  8.418912425652e-09  9.000000048054e+00  6.819417296711e-08  9.999998837489e-01  9.999998837489e-01
 1.880000000000e+01  9.000000000096e+00  9.610527411010e-11  7.795221858187e-09  9.000000047423e+00  6.314207451814e-08  9.999998894324e-01  9.999998894324e-01
 1.890000000000e+01  9.000000000089e+00  8.943872944484e-11  7.254505800605e-09  9.000000046876e+00  5.876206911546e-08  9.999998943597e-01  9.999998943597e-01
 1.900000000000e+01  9.000000000084e+00  8.370249704587e-11  6.789249206058e-09  9.000000046405e+00  5.499329027624e-08  9.999998985995e-01  9.999998985995e-01
 1.910000000000e+01  9.000000000079e+00  7.878297599307e-11  6.390236675550e-09  9.000000046001e+00  5.176110089536e-08  9.999999022356e-01  9.999999022356e-01
 1.920000000000e+01  9.000000000075e+00  7.454169509455e-11  6.046235152492e-09  9.000000045652e+00  4.897452330772e-08  9.999999053705e-01  9.999999053705e-01
 1.930000000000e+01  9.000000000071e+00  7.081140144928e-11  5.743676617252e-09  9.000000045346e+00  4.652366935063e-08  9.999999081276e-01  9.999999081276e-01
 1.940000000000e+01  9.000000000067e+00  6.739214900983e-11  5.466340781712e-09  9.000000045065e+00  4.427717042605e-08  9.999999106549e-01  9.999999106549e-01
 1.950000000000e+01  9.000000000064e+00  6.404738714507e-11  5.195037783813e-09  9.000000044791e+00  4.207960756298e-08  9.999999131271e-01  9.999999131271e-01
 1.960000000000e+01  9.000000000060e+00  6.050004920282e-11  4.907290882114e-09  9.000000044499e+00  3.974894147975e-08  9.999999157490e-01  9.999999157490e-01
 1.970000000000e+01  9.000000000056e+00  5.642864107253e-11  4.577019150340e-09  9.000000044165e+00  3.707394264632e-08  9.999999187584e-01  9.999999187584e-01
 1.980000000000e+01  9.000000000055e+00  5.480039244206e-11  4.444942167935e-09  9.000000044031e+00  3.600416142855e-08  9.999999199619e-01  9.999999199619e-01
 1.990000000000e+01  9.000000000056e+00  5.584490580831e-11  4.529687279931e-09  9.000000044117e+00  3.669045313573e-08  9.999999191898e-01  9.999999191898e-01
 2.000000000000e+01  9.000000000058e+00  5.755305001615e-11  4.668262764813e-09  9.000000044257e+00  3.781276449659e-08  9.999999179272e-01  9.999999179272e-01
 2.010000000000e+01  9.000000000060e+00  5.978871340148e-11  4.849627252882e-09  9.000000044441e+00  3.928166621634e-08  9.999999162747e-01  9.999999162747e-01
 2.020000000000e+01  9.000000000062e+00  6.238146860375e-11  5.059955580571e-09  9.000000044654e+00  4.098518236184e-08  9.999999143582e-01  9.999999143582e-01
 2.030000000000e+01  9.000000000065e+00  6.512306591941e-11  5.282354323983e-09  9.000000044879e+00  4.278648638226e-08  9.999999123318e-01  9.999999123318e-01
 2.040000000000e+01  9.000000000068e+00  6.776392665527e-11  5.496577332434e-09  9.000000045096e+00  4.452159712987e-08  9.999999103798e-01  9.999999103798e-01
 2.050000000000e+01  9.000000000070e+00  7.000963648196e-11  5.678741261982e-09  9.000000045280e+00  4.599707488075e-08  9.999999087199e-01  9.999999087199e-01
 2.060000000000e+01  9.000000000072e+00  7.151743878728e-11  5.801041108970e-09  9.000000045404e+00  4.698771735550e-08  9.999999076055e-01  9.999999076055e-01
 2.070000000000e+01  9.000000000072e+00  7.189272802966e-11  5.831465743560e-09  9.000000045435e+00  4.723425574000e-08  9.999999073281e-01  9.999999073281e-01
 2.080000000000e+01  9.000000000071e+00  7.068554309154e-11  5.733513443274e-09  9.000000045336e+00  4.644105070613e-08  9.999999082205e-01  9.999999082205e-01
 2.090000000000e+01  9.000000000067e+00  6.738706063280e-11  5.465907426527e-09  9.000000045065e+00  4.427378843247e-08  9.999999106587e-01  9.999999106587e-01
 2.100000000000e+01  9.000000000065e+00  6.474257028662e-11  5.251359692998e-09  9.000000044848e+00  4.253623602820e-08  9.999999126134e-01  9.999999126134e-01
 2.110000000000e+01  9.000000000064e+00  6.373581405890e-11  5.169677506084e-09  9.000000044765e+00  4.187475468045e-08  9.999999133576e-01  9.999999133576e-01
 2.120000000000e+01  9.000000000062e+00  6.220042043596e-11  5.045116530798e-09  9.000000044639e+00  4.086595711114e-08  9.999999144925e-01  9.999999144925e-01
 2.130000000000e+01  9.000000000060e+00  6.014083278606e-11  4.878039101372e-09  9.000000044470e+00  3.951276746909e-08  9.999999160148e-01  9.999999160148e-01
 2.140000000000e+01  9.000000000058e+00  5.758213049502e-11  4.670481801351e-09  9.000000044260e+00  3.783166901913e-08  9.999999179060e-01  9.999999179060e-01
 2.150000000000e+01  9.000000000055e+00  5.457175166444e-11  4.426295225699e-09  9.000000044012e+00  3.585383604864e-08  9.999999201311e-01  9.999999201311e-01
 2.160000000000e+01  9.000000000051e+00  5.118121580985e-11  4.151283742909e-09  9.000000043734e+00  3.362626577413e-08  9.999999226370e-01  9.999999226370e-01
 2.170000000000e+01  9.000000000047e+00  4.750784655888e-11  3.853345257111e-09  9.000000043432e+00  3.121291024768e-08  9.999999253520e-01  9.999999253520e-01
 2.180000000000e+01  9.000000000044e+00  4.367649434943e-11  3.542610970184e-09  9.000000043118e+00  2.869580826357e-08  9.999999281837e-01  9.999999281837e-01
 2.190000000000e+01  9.000000000039e+00  3.911445623978e-11  3.172580541373e-09  9.000000042743e+00  2.569855173442e-08  9.999999315555e-01  9.999999315555e-01
 2.200000000000e+01  9.000000000034e+00  3.432272521408e-11  2.783918700204e-09  9.000000042350e+00  2.255037646757e-08  9.999999350971e-01  9.999999350971e-01
 2.210000000000e+01  9.000000000029e+00  2.946926795701e-11  2.390252132140e-09  9.000000041951e+00  1.936164338652e-08  9.999999386844e-01  9.999999386844e-01
 2.220000000000e+01  9.000000000025e+00  2.470777265584e-11  2.004046535546e-09  9.000000041560e+00  1.623332399081e-08  9.999999422037e-01  9.999999422037e-01
 2.230000000000e+01  9.000000000020e+00  2.021657513009e-11  1.639766698824e-09  9.000000041192e+00  1.328258290404e-08  9.999999455232e-01  9.999999455232e-01
 2.240000000000e+01  9.000000000016e+00  1.619979956040e-11  1.313969016064e-09  9.000000040862e+00  1.064352730166e-08  9.999999484921e-01  9.999999484921e-01
 2.250000000000e+01  9.000000000013e+00  1.288849921741e-11  1.045394002682e-09  9.000000040590e+00  8.467956338714e-09  9.999999509395e-01  9.999999509395e-01
 2.260000000000e+01  9.000000000011e+00  1.054179719065e-11  8.550588110655e-10  9.000000040397e+00  6.926110577622e-09  9.999999526740e-01  9.999999526740e-01
 2.270000000000e+01  9.000000000009e+00  8.613302560616e-12  6.986454462518e-10  9.000000040239e+00  5.659019280984e-09  9.999999540995e-01  9.999999540995e-01
 2.280000000000e+01  9.000000000006e+00  5.664798447951e-12  4.595000165943e-10  9.000000039997e+00  3.721794675395e-09  9.999999562788e-01  9.999999562788e-01
 2.290000000000e+01  9.000000000003e+00  3.086731056307e-12  2.504006606542e-10  9.000000039785e+00  2.027940202850e-09  9.999999581843e-01  9.999999581843e-01
 2.300000000000e+01  9.000000000001e+00  9.113724189977e-13  7.396421645054e-11  9.000000039606e+00  5.986581130807e-10  9.999999597922e-01  9.999999597922e-01
 2.310000000000e+01  8.999999999999e+00 -8.373917145279e-13 -6.787282934649e-11  9.000000039463e+00 -5.503591508644e-10  9.999999610848e-01  9.999999610848e-01
 2.320000000000e+01  8.999999999998e+00 -2.145098686462e-12 -1.739384452244e-10  9.000000039355e+00 -1.409610135398e-09  9.999999620514e-01  9.999999620514e-01
 2.330000000000e+01  8.999999999997e+00 -3.007745738418e-12 -2.439091586377e-10  9.000000039285e+00 -1.976465559167e-09  9.999999626891e-01  9.999999626891e-01
 2.340000000000e+01  8.999999999997e+00 -3.432826819202e-12 -2.783941598167e-10  9.000000039250e+00 -2.255849495832e-09  9.999999630034e-01  9.999999630034e-01
 2.350000000000e+01  8.999999999997e+00 -3.440369392597e-12 -2.790194055766e-10  9.000000039249e+00 -2.260920556835e-09  9.999999630091e-01  9.999999630091e-01
 2.360000000000e+01  8.999999999997e+00 -3.087095620758e-12 -2.503735042505e-10  9.000000039278e+00 -2.028911506736e-09  9.999999627481e-01  9.999999627481e-01
 2.370000000000e+01  8.999999999998e+00 -2.421115286403e-12 -1.963605978300e-10  9.000000039333e+00 -1.591431218651e-09  9.999999622560e-01  9.999999622560e-01
 2.380000000000e+01  8.999999999998e+00 -1.502732489372e-12 -1.218761717021e-10  9.000000039408e+00 -9.881053648068e-10  9.999999615772e-01  9.999999615772e-01
 2.390000000000e+01  9.000000000000e+00 -4.167226315698e-13 -3.379612341870e-11  9.000000039497e+00 -2.746257319776e-10  9.999999607746e-01  9.999999607746e-01
 2.400000000000e+01  9.000000000001e+00  7.339248456757e-13  5.952639097720e-11  9.000000039592e+00  4.813499864291e-10  9.999999599241e-01  9.999999599241e-01
 2.410000000000e+01  9.000000000002e+00  1.826944752902e-12  1.481748483276e-10  9.000000039682e+00  1.199500684605e-09  9.999999591163e-01  9.999999591163e-01
 2.420000000000e+01  9.000000000003e+00  2.719734443805e-12  2.205832497362e-10  9.000000039755e+00  1.786144338569e-09  9.999999584563e-01  9.999999584563e-01
 2.430000000000e+01  9.000000000003e+00  3.248292106538e-12  2.634500119451e-10  9.000000039798e+00  2.133540500402e-09  9.999999580655e-01  9.999999580655e-01
 2.440000000000e+01  9.000000000003e+00  3.478749932052e-12  2.821390207113e-10  9.000000039817e+00  2.285130649560e-09  9.999999578950e-01  9.999999578950e-01
 2.450000000000e+01  9.000000000006e+00  5.801107877017e-12  4.704956780957e-10  9.000000040008e+00  3.810980518842e-09  9.999999561785e-01  9.999999561785e-01
 2.460000000000e+01  9.000000000008e+00  8.363347196890e-12  6.783088696690e-10  9.000000040218e+00  5.494433950364e-09  9.999999542846e-01  9.999999542846e-01
 2.470000000000e+01  9.000000000011e+00  1.110968749399e-11  9.010546702639e-10  9.000000040444e+00  7.298841904833e-09  9.999999522547e-01  9.999999522547e-01
 2.480000000000e+01  9.000000000014e+00  1.396912484668e-11  1.132974472733e-09  9.000000040679e+00  9.177553727933e-09  9.999999501413e-01  9.999999501413e-01
 2.490000000000e+01  9.000000000017e+00  1.685406072135e-11  1.366963786557e-09  9.000000040915e+00  1.107301640314e-08  9.999999480089e-01  9.999999480089e-01
 2.500000000000e+01  9.000000000020e+00  1.965893088440e-11  1.594461036462e-09  9.000000041146e+00  1.291587380453e-08  9.999999459358e-01  9.999999459358e-01
 2.510000000000e+01  9.000000000022e+00  2.225883431420e-11  1.805336361019e-09  9.000000041359e+00  1.462406594959e-08  9.999999440141e-01  9.999999440141e-01
 2.520000000000e+01  9.000000000024e+00  2.450816211310e-11  1.987780411267e-09  9.000000041544e+00  1.610192825205e-08  9.999999423515e-01  9.999999423515e-01
 2.530000000000e+01  9.000000000026e+00  2.623922641936e-11  2.128193149313e-09  9.000000041686e+00  1.723929077469e-08  9.999999410720e-01  9.999999410720e-01
 2.540000000000e+01  9.000000000027e+00  2.726088931919e-11  2.211072646950e-09  9.000000041770e+00  1.791057748213e-08  9.999999403168e-01  9.999999403168e-01
 2.550000000000e+01  9.000000000027e+00  2.735719175866e-11  2.218903884262e-09  9.000000041778e+00  1.797390549367e-08  9.999999402456e-01  9.999999402456e-01
 2.560000000000e+01  9.000000000026e+00  2.628598245576e-11  2.132047548239e-09  9.000000041690e+00  1.727018433611e-08  9.999999410372e-01  9.999999410372e-01
 2.570000000000e+01  9.000000000027e+00  2.697526819070e-11  2.187971481908e-09  9.000000041747e+00  1.772306915162e-08  9.999999405277e-01  9.999999405277e-01
 2.580000000000e+01  9.000000000029e+00  2.913629197966e-11  2.363256447639e-09  9.000000041924e+00  1.914285094501e-08  9.999999389305e-01  9.999999389305e-01
 2.590000000000e+01  9.000000000031e+00  3.123225911121e-11  2.533264390433e-09  9.000000042096e+00  2.051987946459e-08  9.999999373814e-01  9.999999373814e-01
 2.600000000000e+01  9.000000000033e+00  3.321614993165e-11  2.694181427576e-09  9.000000042259e+00  2.182326429421e-08  9.999999359151e-01  9.999999359151e-01
 2.610000000000e+01  9.000000000035e+00  3.503271947024e-11  2.841526526800e-09  9.000000042408e+00  2.301671159371e-08  9.999999345725e-01  9.999999345725e-01
 2.620000000000e+01  9.000000000037e+00  3.661785115112e-11  2.970099087851e-09  9.000000042538e+00  2.405809953421e-08  9.999999334009e-01  9.999999334009e-01
 2.630000000000e+01  9.000000000038e+00  3.789791050516e-11  3.073926524064e-09  9.000000042643e+00  2.489905373331e-08  9.999999324549e-01  9.999999324549e-01
 2.640000000000e+01  9.000000000039e+00  3.878909888188e-11  3.146211843933e-09  9.000000042717e+00  2.548452269042e-08  9.999999317962e-01  9.999999317962e-01
 2.650000000000e+01  9.000000000039e+00  3.919680716133e-11  3.179281232683e-09  9.000000042750e+00  2.575235322193e-08  9.999999314949e-01  9.999999314949e-01
 2.660000000000e+01  9.000000000039e+00  3.901496946601e-11  3.164531633840e-09  9.000000042735e+00  2.563286589651e-08  9.999999316293e-01  9.999999316293e-01
 2.670000000000e+01  9.000000000038e+00  3.812541687271e-11  3.092378330806e-09  9.000000042662e+00  2.504843047038e-08  9.999999322868e-01  9.999999322868e-01
 2.680000000000e+01  9.000000000036e+00  3.639723112446e-11  2.952202528424e-09  9.000000042520e+00  2.391304132250e-08  9.999999335641e-01  9.999999335641e-01
 2.690000000000e+01  9.000000000034e+00  3.423508335658e-11  2.776827187694e-09  9.000000042343e+00  2.249255127090e-08  9.999999351621e-01  9.999999351621e-01
 2.700000000000e+01  9.000000000034e+00  3.397015052032e-11  2.755334458199e-09  9.000000042321e+00  2.231844091429e-08  9.999999353580e-01  9.999999353580e-01
 2.710000000000e+01  9.000000000034e+00  3.356215467069e-11  2.722237184767e-09  9.000000042287e+00  2.205034266128e-08  9.999999356596e-01  9.999999356596e-01
 2.720000000000e+01  9.000000000033e+00  3.301185556846e-11  2.677597102987e-09  9.000000042242e+00  2.168875901923e-08  9.999999360664e-01  9.999999360664e-01
 2.730000000000e+01  9.000000000032e+00  3.232018806359e-11  2.621490182156e-09  9.000000042185e+00  2.123430796783e-08  9.999999365776e-01  9.999999365776e-01
 2.740000000000e+01  9.000000000031e+00  3.148819724282e-11  2.554001367179e-09  9.000000042117e+00  2.068768037135e-08  9.999999371926e-01  9.999999371926e-01
 2.750000000000e+01  9.000000000031e+00  3.051697357723e-11  2.475219320477e-09  9.000000042037e+00  2.004959739092e-08  9.999999379104e-01  9.999999379104e-01
 2.760000000000e+01  9.000000000029e+00  2.940758806982e-11  2.385231163882e-09  9.000000041946e+00  1.932076789677e-08  9.999999387303e-01  9.999999387303e-01
 2.770000000000e+01  9.000000000028e+00  2.816102740308e-11  2.284117220547e-09  9.000000041844e+00  1.850184588052e-08  9.999999396516e-01  9.999999396516e-01
 2.780000000000e+01  9.000000000027e+00  2.677812908656e-11  2.171945756848e-09  9.000000041730e+00  1.759338786738e-08  9.999999406736e-01  9.999999406736e-01
 2.790000000000e+01  9.000000000025e+00  2.525951660446e-11  2.048767724282e-09  9.000000041606e+00  1.659581032846e-08  9.999999417959e-01  9.999999417959e-01
 2.800000000000e+01  9.000000000024e+00  2.360553456320e-11  1.914611501375e-09  9.000000041470e+00  1.550934709303e-08  9.999999430182e-01  9.999999430182e-01
 2.810000000000e+01  9.000000000022e+00  2.181618383898e-11  1.769477635584e-09  9.000000041323e+00  1.433400676073e-08  9.999999443405e-01  9.999999443405e-01
 2.820000000000e+01  9.000000000020e+00  2.013696432181e-11  1.633273525610e-09  9.000000041185e+00  1.323091872388e-08  9.999999455814e-01  9.999999455814e-01
 2.830000000000e+01  9.000000000019e+00  1.851275808812e-11  1.501530377665e-09  9.000000041052e+00  1.216391787995e-08  9.999999467818e-01  9.999999467818e-01
 2.840000000000e+01  9.000000000017e+00  1.688267021980e-11  1.369311000892e-09  9.000000040918e+00  1.109304798179e-08  9.999999479865e-01  9.999999479865e-01
 2.850000000000e+01  9.000000000015e+00  1.526523164084e-11  1.238118661178e-09  9.000000040785e+00  1.003048004503e-08  9.999999491819e-01  9.999999491819e-01
 2.860000000000e+01  9.000000000014e+00  1.368002857694e-11  1.109542239816e-09  9.000000040655e+00  8.989077911023e-09  9.999999503535e-01  9.999999503535e-01
 2.870000000000e+01  9.000000000012e+00  1.214770004423e-11  9.852560304758e-10  9.000000040529e+00  7.982396573534e-09  9.999999514860e-01  9.999999514860e-01
 2.880000000000e+01  9.000000000011e+00  1.068993533808e-11  8.670195361760e-10  9.000000040409e+00  7.024680505351e-09  9.999999525634e-01  9.999999525634e-01
 2.890000000000e+01  9.000000000009e+00  9.329471521896e-12  7.566772662571e-10  9.000000040298e+00  6.130861984963e-09  9.999999535689e-01  9.999999535689e-01
 2.900000000000e+01  9.000000000008e+00  8.090090915869e-12  6.561585333539e-10  9.000000040196e+00  5.316559423210e-09  9.999999544849e-01  9.999999544849e-01
 2.910000000000e+01  9.000000000007e+00  6.996618585792e-12  5.674772503679e-10  9.000000040106e+00  4.598075689939e-09  9.999999552932e-01  9.999999552932e-01
 2.920000000000e+01  9.000000000006e+00  6.074919831827e-12  4.927317274398e-10  9.000000040030e+00  3.992396440663e-09  9.999999559746e-01  9.999999559746e-01
 2.930000000000e+01  9.000000000005e+00  5.351897677291e-12  4.341044689216e-10  9.000000039971e+00  3.517188443213e-09  9.999999565091e-01  9.999999565091e-01
 2.940000000000e+01  9.000000000005e+00  4.725751305038e-12  3.833352111597e-10  9.000000039920e+00  3.105614076541e-09  9.999999569721e-01  9.999999569721e-01
 2.950000000000e+01  9.000000000004e+00  3.895381922212e-12  3.159930606524e-10  9.000000039851e+00  2.559980739008e-09  9.999999575859e-01  9.999999575859e-01
 2.960000000000e+01  9.000000000003e+00  3.160958273644e-12  2.564327297701e-10  9.000000039791e+00  2.077374652797e-09  9.999999581288e-01  9.999999581288e-01
 2.970000000000e+01  9.000000000003e+00  2.523088582589e-12  2.047032062596e-10  9.000000039739e+00  1.658196812898e-09  9.999999586003e-01  9.999999586003e-01
 2.980000000000e+01  9.000000000002e+00  1.980800471182e-12  1.607252302839e-10  9.000000039694e+00  1.301810069424e-09  9.999999590012e-01  9.999999590012e-01
 2.990000000000e+01  9.000000000002e+00  1.531442595552e-12  1.242833140248e-10  9.000000039657e+00  1.006474518840e-09  9.999999593335e-01  9.999999593335e-01
 3.000000000000e+01  9.000000000001e+00  1.170586280923e-12  9.501776128583e-11  9.000000039628e+00  7.692828951837e-10  9.999999596003e-01  9.999999596003e-01
